1 [13654440, 13657680, 13660920, 13664160, 13667400, 33884840, 33894480, 33904120, 33913760, 33923400, 54115240, 54131280, 54147320, 54163360, 54179400, 74345640, 74368080, 74390520, 74412960, 74435400, 94576040, 94604880, 94633720, 94662560, 94691400]
10 [13800240, 13803480, 13806720, 13809960, 13813200, 34318640, 34328280, 34337920, 34347560, 34357200, 54837040, 54853080, 54869120, 54885160, 54901200, 75355440, 75377880, 75400320, 75422760, 75445200, 95873840, 95902680, 95931520, 95960360, 95989200]
100 [623495040, 623690280, 623885520, 624080760, 624276000, 643821440, 644023080, 644224720, 644426360, 644628000, 664147840, 664355880, 664563920, 664771960, 664980000, 684474240, 684688680, 684903120, 685117560, 685332000, 704800640, 705021480, 705242320, 705463160, 705684000]
101 [624471240, 624666480, 624861720, 625056960, 625252200, 644829640, 645031280, 645232920, 645434560, 645636200, 665188040, 665396080, 665604120, 665812160, 666020200, 685546440, 685760880, 685975320, 686189760, 686404200, 705904840, 706125680, 706346520, 706567360, 706788200]
102 [625447440, 625642680, 625837920, 626033160, 626228400, 645837840, 646039480, 646241120, 646442760, 646644400, 666228240, 666436280, 666644320, 666852360, 667060400, 686618640, 686833080, 687047520, 687261960, 687476400, 707009040, 707229880, 707450720, 707671560, 707892400]
103 [626423640, 626618880, 626814120, 627009360, 627204600, 646846040, 647047680, 647249320, 647450960, 647652600, 667268440, 667476480, 667684520, 667892560, 668100600, 687690840, 687905280, 688119720, 688334160, 688548600, 708113240, 708334080, 708554920, 708775760, 708996600]
104 [627399840, 627595080, 627790320, 627985560, 628180800, 647854240, 648055880, 648257520, 648459160, 648660800, 668308640, 668516680, 668724720, 668932760, 669140800, 688763040, 688977480, 689191920, 689406360, 689620800, 709217440, 709438280, 709659120, 709879960, 710100800]
105 [628376040, 628571280, 628766520, 628961760, 629157000, 648862440, 649064080, 649265720, 649467360, 649669000, 669348840, 669556880, 669764920, 669972960, 670181000, 689835240, 690049680, 690264120, 690478560, 690693000, 710321640, 710542480, 710763320, 710984160, 711205000]
106 [629352240, 629547480, 629742720, 629937960, 630133200, 649870640, 650072280, 650273920, 650475560, 650677200, 670389040, 670597080, 670805120, 671013160, 671221200, 690907440, 691121880, 691336320, 691550760, 691765200, 711425840, 711646680, 711867520, 712088360, 712309200]
107 [630328440, 630523680, 630718920, 630914160, 631109400, 650878840, 651080480, 651282120, 651483760, 651685400, 671429240, 671637280, 671845320, 672053360, 672261400, 691979640, 692194080, 692408520, 692622960, 692837400, 712530040, 712750880, 712971720, 713192560, 713413400]
108 [631304640, 631499880, 631695120, 631890360, 632085600, 651887040, 652088680, 652290320, 652491960, 652693600, 672469440, 672677480, 672885520, 673093560, 673301600, 693051840, 693266280, 693480720, 693695160, 693909600, 713634240, 713855080, 714075920, 714296760, 714517600]
109 [632280840, 632476080, 632671320, 632866560, 633061800, 652895240, 653096880, 653298520, 653500160, 653701800, 673509640, 673717680, 673925720, 674133760, 674341800, 694124040, 694338480, 694552920, 694767360, 694981800, 714738440, 714959280, 715180120, 715400960, 715621800]
11 [13816440, 13819680, 13822920, 13826160, 13829400, 34366840, 34376480, 34386120, 34395760, 34405400, 54917240, 54933280, 54949320, 54965360, 54981400, 75467640, 75490080, 75512520, 75534960, 75557400, 96018040, 96046880, 96075720, 96104560, 96133400]
110 [633257040, 633452280, 633647520, 633842760, 634038000, 653903440, 654105080, 654306720, 654508360, 654710000, 674549840, 674757880, 674965920, 675173960, 675382000, 695196240, 695410680, 695625120, 695839560, 696054000, 715842640, 716063480, 716284320, 716505160, 716726000]
111 [634233240, 634428480, 634623720, 634818960, 635014200, 654911640, 655113280, 655314920, 655516560, 655718200, 675590040, 675798080, 676006120, 676214160, 676422200, 696268440, 696482880, 696697320, 696911760, 697126200, 716946840, 717167680, 717388520, 717609360, 717830200]
112 [635209440, 635404680, 635599920, 635795160, 635990400, 655919840, 656121480, 656323120, 656524760, 656726400, 676630240, 676838280, 677046320, 677254360, 677462400, 697340640, 697555080, 697769520, 697983960, 698198400, 718051040, 718271880, 718492720, 718713560, 718934400]
113 [721718440, 721945680, 722172920, 722400160, 722627400, 741948840, 742182480, 742416120, 742649760, 742883400, 762179240, 762419280, 762659320, 762899360, 763139400, 782409640, 782656080, 782902520, 783148960, 783395400, 802640040, 802892880, 803145720, 803398560, 803651400]
114 [722854640, 723081880, 723309120, 723536360, 723763600, 743117040, 743350680, 743584320, 743817960, 744051600, 763379440, 763619480, 763859520, 764099560, 764339600, 783641840, 783888280, 784134720, 784381160, 784627600, 803904240, 804157080, 804409920, 804662760, 804915600]
115 [723990840, 724218080, 724445320, 724672560, 724899800, 744285240, 744518880, 744752520, 744986160, 745219800, 764579640, 764819680, 765059720, 765299760, 765539800, 784874040, 785120480, 785366920, 785613360, 785859800, 805168440, 805421280, 805674120, 805926960, 806179800]
116 [725127040, 725354280, 725581520, 725808760, 726036000, 745453440, 745687080, 745920720, 746154360, 746388000, 765779840, 766019880, 766259920, 766499960, 766740000, 786106240, 786352680, 786599120, 786845560, 787092000, 806432640, 806685480, 806938320, 807191160, 807444000]
117 [726263240, 726490480, 726717720, 726944960, 727172200, 746621640, 746855280, 747088920, 747322560, 747556200, 766980040, 767220080, 767460120, 767700160, 767940200, 787338440, 787584880, 787831320, 788077760, 788324200, 807696840, 807949680, 808202520, 808455360, 808708200]
118 [727399440, 727626680, 727853920, 728081160, 728308400, 747789840, 748023480, 748257120, 748490760, 748724400, 768180240, 768420280, 768660320, 768900360, 769140400, 788570640, 788817080, 789063520, 789309960, 789556400, 808961040, 809213880, 809466720, 809719560, 809972400]
119 [728535640, 728762880, 728990120, 729217360, 729444600, 748958040, 749191680, 749425320, 749658960, 749892600, 769380440, 769620480, 769860520, 770100560, 770340600, 789802840, 790049280, 790295720, 790542160, 790788600, 810225240, 810478080, 810730920, 810983760, 811236600]
12 [13832640, 13835880, 13839120, 13842360, 13845600, 34415040, 34424680, 34434320, 34443960, 34453600, 54997440, 55013480, 55029520, 55045560, 55061600, 75579840, 75602280, 75624720, 75647160, 75669600, 96162240, 96191080, 96219920, 96248760, 96277600]
120 [729671840, 729899080, 730126320, 730353560, 730580800, 750126240, 750359880, 750593520, 750827160, 751060800, 770580640, 770820680, 771060720, 771300760, 771540800, 791035040, 791281480, 791527920, 791774360, 792020800, 811489440, 811742280, 811995120, 812247960, 812500800]
121 [730808040, 731035280, 731262520, 731489760, 731717000, 751294440, 751528080, 751761720, 751995360, 752229000, 771780840, 772020880, 772260920, 772500960, 772741000, 792267240, 792513680, 792760120, 793006560, 793253000, 812753640, 813006480, 813259320, 813512160, 813765000]
122 [731944240, 732171480, 732398720, 732625960, 732853200, 752462640, 752696280, 752929920, 753163560, 753397200, 772981040, 773221080, 773461120, 773701160, 773941200, 793499440, 793745880, 793992320, 794238760, 794485200, 814017840, 814270680, 814523520, 814776360, 815029200]
123 [733080440, 733307680, 733534920, 733762160, 733989400, 753630840, 753864480, 754098120, 754331760, 754565400, 774181240, 774421280, 774661320, 774901360, 775141400, 794731640, 794978080, 795224520, 795470960, 795717400, 815282040, 815534880, 815787720, 816040560, 816293400]
124 [734216640, 734443880, 734671120, 734898360, 735125600, 754799040, 755032680, 755266320, 755499960, 755733600, 775381440, 775621480, 775861520, 776101560, 776341600, 795963840, 796210280, 796456720, 796703160, 796949600, 816546240, 816799080, 817051920, 817304760, 817557600]
125 [735352840, 735580080, 735807320, 736034560, 736261800, 755967240, 756200880, 756434520, 756668160, 756901800, 776581640, 776821680, 777061720, 777301760, 777541800, 797196040, 797442480, 797688920, 797935360, 798181800, 817810440, 818063280, 818316120, 818568960, 818821800]
126 [736489040, 736716280, 736943520, 737170760, 737398000, 757135440, 757369080, 757602720, 757836360, 758070000, 777781840, 778021880, 778261920, 778501960, 778742000, 798428240, 798674680, 798921120, 799167560, 799414000, 819074640, 819327480, 819580320, 819833160, 820086000]
127 [737625240, 737852480, 738079720, 738306960, 738534200, 758303640, 758537280, 758770920, 759004560, 759238200, 778982040, 779222080, 779462120, 779702160, 779942200, 799660440, 799906880, 800153320, 800399760, 800646200, 820338840, 820591680, 820844520, 821097360, 821350200]
128 [738761440, 738988680, 739215920, 739443160, 739670400, 759471840, 759705480, 759939120, 760172760, 760406400, 780182240, 780422280, 780662320, 780902360, 781142400, 800892640, 801139080, 801385520, 801631960, 801878400, 821603040, 821855880, 822108720, 822361560, 822614400]
129 [822870440, 823129680, 823388920, 823648160, 823907400, 843100840, 843366480, 843632120, 843897760, 844163400, 863331240, 863603280, 863875320, 864147360, 864419400, 883561640, 883840080, 884118520, 884396960, 884675400, 903792040, 904076880, 904361720, 904646560, 904931400]
13 [13848840, 13852080, 13855320, 13858560, 13861800, 34463240, 34472880, 34482520, 34492160, 34501800, 55077640, 55093680, 55109720, 55125760, 55141800, 75692040, 75714480, 75736920, 75759360, 75781800, 96306440, 96335280, 96364120, 96392960, 96421800]
130 [824166640, 824425880, 824685120, 824944360, 825203600, 844429040, 844694680, 844960320, 845225960, 845491600, 864691440, 864963480, 865235520, 865507560, 865779600, 884953840, 885232280, 885510720, 885789160, 886067600, 905216240, 905501080, 905785920, 906070760, 906355600]
131 [825462840, 825722080, 825981320, 826240560, 826499800, 845757240, 846022880, 846288520, 846554160, 846819800, 866051640, 866323680, 866595720, 866867760, 867139800, 886346040, 886624480, 886902920, 887181360, 887459800, 906640440, 906925280, 907210120, 907494960, 907779800]
132 [826759040, 827018280, 827277520, 827536760, 827796000, 847085440, 847351080, 847616720, 847882360, 848148000, 867411840, 867683880, 867955920, 868227960, 868500000, 887738240, 888016680, 888295120, 888573560, 888852000, 908064640, 908349480, 908634320, 908919160, 909204000]
133 [828055240, 828314480, 828573720, 828832960, 829092200, 848413640, 848679280, 848944920, 849210560, 849476200, 868772040, 869044080, 869316120, 869588160, 869860200, 889130440, 889408880, 889687320, 889965760, 890244200, 909488840, 909773680, 910058520, 910343360, 910628200]
134 [829351440, 829610680, 829869920, 830129160, 830388400, 849741840, 850007480, 850273120, 850538760, 850804400, 870132240, 870404280, 870676320, 870948360, 871220400, 890522640, 890801080, 891079520, 891357960, 891636400, 910913040, 911197880, 911482720, 911767560, 912052400]
135 [830647640, 830906880, 831166120, 831425360, 831684600, 851070040, 851335680, 851601320, 851866960, 852132600, 871492440, 871764480, 872036520, 872308560, 872580600, 891914840, 892193280, 892471720, 892750160, 893028600, 912337240, 912622080, 912906920, 913191760, 913476600]
136 [831943840, 832203080, 832462320, 832721560, 832980800, 852398240, 852663880, 852929520, 853195160, 853460800, 872852640, 873124680, 873396720, 873668760, 873940800, 893307040, 893585480, 893863920, 894142360, 894420800, 913761440, 914046280, 914331120, 914615960, 914900800]
137 [833240040, 833499280, 833758520, 834017760, 834277000, 853726440, 853992080, 854257720, 854523360, 854789000, 874212840, 874484880, 874756920, 875028960, 875301000, 894699240, 894977680, 895256120, 895534560, 895813000, 915185640, 915470480, 915755320, 916040160, 916325000]
138 [834536240, 834795480, 835054720, 835313960, 835573200, 855054640, 855320280, 855585920, 855851560, 856117200, 875573040, 875845080, 876117120, 876389160, 876661200, 896091440, 896369880, 896648320, 896926760, 897205200, 916609840, 916894680, 917179520, 917464360, 917749200]
139 [835832440, 836091680, 836350920, 836610160, 836869400, 856382840, 856648480, 856914120, 857179760, 857445400, 876933240, 877205280, 877477320, 877749360, 878021400, 897483640, 897762080, 898040520, 898318960, 898597400, 918034040, 918318880, 918603720, 918888560, 919173400]
14 [13865040, 13868280, 13871520, 13874760, 13878000, 34511440, 34521080, 34530720, 34540360, 34550000, 55157840, 55173880, 55189920, 55205960, 55222000, 75804240, 75826680, 75849120, 75871560, 75894000, 96450640, 96479480, 96508320, 96537160, 96566000]
140 [837128640, 837387880, 837647120, 837906360, 838165600, 857711040, 857976680, 858242320, 858507960, 858773600, 878293440, 878565480, 878837520, 879109560, 879381600, 898875840, 899154280, 899432720, 899711160, 899989600, 919458240, 919743080, 920027920, 920312760, 920597600]
141 [838424840, 838684080, 838943320, 839202560, 839461800, 859039240, 859304880, 859570520, 859836160, 860101800, 879653640, 879925680, 880197720, 880469760, 880741800, 900268040, 900546480, 900824920, 901103360, 901381800, 920882440, 921167280, 921452120, 921736960, 922021800]
142 [839721040, 839980280, 840239520, 840498760, 840758000, 860367440, 860633080, 860898720, 861164360, 861430000, 881013840, 881285880, 881557920, 881829960, 882102000, 901660240, 901938680, 902217120, 902495560, 902774000, 922306640, 922591480, 922876320, 923161160, 923446000]
143 [841017240, 841276480, 841535720, 841794960, 842054200, 861695640, 861961280, 862226920, 862492560, 862758200, 882374040, 882646080, 882918120, 883190160, 883462200, 903052440, 903330880, 903609320, 903887760, 904166200, 923730840, 924015680, 924300520, 924585360, 924870200]
144 [842313440, 842572680, 842831920, 843091160, 843350400, 863023840, 863289480, 863555120, 863820760, 864086400, 883734240, 884006280, 884278320, 884550360, 884822400, 904444640, 904723080, 905001520, 905279960, 905558400, 925155040, 925439880, 925724720, 926009560, 926294400]
145 [924022440, 924313680, 924604920, 924896160, 925187400, 944252840, 944550480, 944848120, 945145760, 945443400, 964483240, 964787280, 965091320, 965395360, 965699400, 984713640, 985024080, 985334520, 985644960, 985955400, 1004944040, 1005260880, 1005577720, 1005894560, 1006211400]
146 [925478640, 925769880, 926061120, 926352360, 926643600, 945741040, 946038680, 946336320, 946633960, 946931600, 966003440, 966307480, 966611520, 966915560, 967219600, 986265840, 986576280, 986886720, 987197160, 987507600, 1006528240, 1006845080, 1007161920, 1007478760, 1007795600]
147 [926934840, 927226080, 927517320, 927808560, 928099800, 947229240, 947526880, 947824520, 948122160, 948419800, 967523640, 967827680, 968131720, 968435760, 968739800, 987818040, 988128480, 988438920, 988749360, 989059800, 1008112440, 1008429280, 1008746120, 1009062960, 1009379800]
148 [928391040, 928682280, 928973520, 929264760, 929556000, 948717440, 949015080, 949312720, 949610360, 949908000, 969043840, 969347880, 969651920, 969955960, 970260000, 989370240, 989680680, 989991120, 990301560, 990612000, 1009696640, 1010013480, 1010330320, 1010647160, 1010964000]
149 [929847240, 930138480, 930429720, 930720960, 931012200, 950205640, 950503280, 950800920, 951098560, 951396200, 970564040, 970868080, 971172120, 971476160, 971780200, 990922440, 991232880, 991543320, 991853760, 992164200, 1011280840, 1011597680, 1011914520, 1012231360, 1012548200]
15 [13881240, 13884480, 13887720, 13890960, 13894200, 34559640, 34569280, 34578920, 34588560, 34598200, 55238040, 55254080, 55270120, 55286160, 55302200, 75916440, 75938880, 75961320, 75983760, 76006200, 96594840, 96623680, 96652520, 96681360, 96710200]
150 [931303440, 931594680, 931885920, 932177160, 932468400, 951693840, 951991480, 952289120, 952586760, 952884400, 972084240, 972388280, 972692320, 972996360, 973300400, 992474640, 992785080, 993095520, 993405960, 993716400, 1012865040, 1013181880, 1013498720, 1013815560, 1014132400]
151 [932759640, 933050880, 933342120, 933633360, 933924600, 953182040, 953479680, 953777320, 954074960, 954372600, 973604440, 973908480, 974212520, 974516560, 974820600, 994026840, 994337280, 994647720, 994958160, 995268600, 1014449240, 1014766080, 1015082920, 1015399760, 1015716600]
152 [934215840, 934507080, 934798320, 935089560, 935380800, 954670240, 954967880, 955265520, 955563160, 955860800, 975124640, 975428680, 975732720, 976036760, 976340800, 995579040, 995889480, 996199920, 996510360, 996820800, 1016033440, 1016350280, 1016667120, 1016983960, 1017300800]
153 [935672040, 935963280, 936254520, 936545760, 936837000, 956158440, 956456080, 956753720, 957051360, 957349000, 976644840, 976948880, 977252920, 977556960, 977861000, 997131240, 997441680, 997752120, 998062560, 998373000, 1017617640, 1017934480, 1018251320, 1018568160, 1018885000]
154 [937128240, 937419480, 937710720, 938001960, 938293200, 957646640, 957944280, 958241920, 958539560, 958837200, 978165040, 978469080, 978773120, 979077160, 979381200, 998683440, 998993880, 999304320, 999614760, 999925200, 1019201840, 1019518680, 1019835520, 1020152360, 1020469200]
155 [938584440, 938875680, 939166920, 939458160, 939749400, 959134840, 959432480, 959730120, 960027760, 960325400, 979685240, 979989280, 980293320, 980597360, 980901400, 1000235640, 1000546080, 1000856520, 1001166960, 1001477400, 1020786040, 1021102880, 1021419720, 1021736560, 1022053400]
156 [940040640, 940331880, 940623120, 940914360, 941205600, 960623040, 960920680, 961218320, 961515960, 961813600, 981205440, 981509480, 981813520, 982117560, 982421600, 1001787840, 1002098280, 1002408720, 1002719160, 1003029600, 1022370240, 1022687080, 1023003920, 1023320760, 1023637600]
157 [941496840, 941788080, 942079320, 942370560, 942661800, 962111240, 962408880, 962706520, 963004160, 963301800, 982725640, 983029680, 983333720, 983637760, 983941800, 1003340040, 1003650480, 1003960920, 1004271360, 1004581800, 1023954440, 1024271280, 1024588120, 1024904960, 1025221800]
158 [942953040, 943244280, 943535520, 943826760, 944118000, 963599440, 963897080, 964194720, 964492360, 964790000, 984245840, 984549880, 984853920, 985157960, 985462000, 1004892240, 1005202680, 1005513120, 1005823560, 1006134000, 1025538640, 1025855480, 1026172320, 1026489160, 1026806000]
159 [944409240, 944700480, 944991720, 945282960, 945574200, 965087640, 965385280, 965682920, 965980560, 966278200, 985766040, 986070080, 986374120, 986678160, 986982200, 1006444440, 1006754880, 1007065320, 1007375760, 1007686200, 1027122840, 1027439680, 1027756520, 1028073360, 1028390200]
16 [13897440, 13900680, 13903920, 13907160, 13910400, 34607840, 34617480, 34627120, 34636760, 34646400, 55318240, 55334280, 55350320, 55366360, 55382400, 76028640, 76051080, 76073520, 76095960, 76118400, 96739040, 96767880, 96796720, 96825560, 96854400]
160 [945865440, 946156680, 946447920, 946739160, 947030400, 966575840, 966873480, 967171120, 967468760, 967766400, 987286240, 987590280, 987894320, 988198360, 988502400, 1007996640, 1008307080, 1008617520, 1008927960, 1009238400, 1028707040, 1029023880, 1029340720, 1029657560, 1029974400]
161 [1025174440, 1025497680, 1025820920, 1026144160, 1026467400, 1045404840, 1045734480, 1046064120, 1046393760, 1046723400, 1065635240, 1065971280, 1066307320, 1066643360, 1066979400, 1085865640, 1086208080, 1086550520, 1086892960, 1087235400, 1106096040, 1106444880, 1106793720, 1107142560, 1107491400]
162 [1026790640, 1027113880, 1027437120, 1027760360, 1028083600, 1047053040, 1047382680, 1047712320, 1048041960, 1048371600, 1067315440, 1067651480, 1067987520, 1068323560, 1068659600, 1087577840, 1087920280, 1088262720, 1088605160, 1088947600, 1107840240, 1108189080, 1108537920, 1108886760, 1109235600]
163 [1028406840, 1028730080, 1029053320, 1029376560, 1029699800, 1048701240, 1049030880, 1049360520, 1049690160, 1050019800, 1068995640, 1069331680, 1069667720, 1070003760, 1070339800, 1089290040, 1089632480, 1089974920, 1090317360, 1090659800, 1109584440, 1109933280, 1110282120, 1110630960, 1110979800]
164 [1030023040, 1030346280, 1030669520, 1030992760, 1031316000, 1050349440, 1050679080, 1051008720, 1051338360, 1051668000, 1070675840, 1071011880, 1071347920, 1071683960, 1072020000, 1091002240, 1091344680, 1091687120, 1092029560, 1092372000, 1111328640, 1111677480, 1112026320, 1112375160, 1112724000]
165 [1031639240, 1031962480, 1032285720, 1032608960, 1032932200, 1051997640, 1052327280, 1052656920, 1052986560, 1053316200, 1072356040, 1072692080, 1073028120, 1073364160, 1073700200, 1092714440, 1093056880, 1093399320, 1093741760, 1094084200, 1113072840, 1113421680, 1113770520, 1114119360, 1114468200]
166 [1033255440, 1033578680, 1033901920, 1034225160, 1034548400, 1053645840, 1053975480, 1054305120, 1054634760, 1054964400, 1074036240, 1074372280, 1074708320, 1075044360, 1075380400, 1094426640, 1094769080, 1095111520, 1095453960, 1095796400, 1114817040, 1115165880, 1115514720, 1115863560, 1116212400]
167 [1034871640, 1035194880, 1035518120, 1035841360, 1036164600, 1055294040, 1055623680, 1055953320, 1056282960, 1056612600, 1075716440, 1076052480, 1076388520, 1076724560, 1077060600, 1096138840, 1096481280, 1096823720, 1097166160, 1097508600, 1116561240, 1116910080, 1117258920, 1117607760, 1117956600]
168 [1036487840, 1036811080, 1037134320, 1037457560, 1037780800, 1056942240, 1057271880, 1057601520, 1057931160, 1058260800, 1077396640, 1077732680, 1078068720, 1078404760, 1078740800, 1097851040, 1098193480, 1098535920, 1098878360, 1099220800, 1118305440, 1118654280, 1119003120, 1119351960, 1119700800]
169 [1038104040, 1038427280, 1038750520, 1039073760, 1039397000, 1058590440, 1058920080, 1059249720, 1059579360, 1059909000, 1079076840, 1079412880, 1079748920, 1080084960, 1080421000, 1099563240, 1099905680, 1100248120, 1100590560, 1100933000, 1120049640, 1120398480, 1120747320, 1121096160, 1121445000]
17 [114806440, 114841680, 114876920, 114912160, 114947400, 135036840, 135078480, 135120120, 135161760, 135203400, 155267240, 155315280, 155363320, 155411360, 155459400, 175497640, 175552080, 175606520, 175660960, 175715400, 195728040, 195788880, 195849720, 195910560, 195971400]
170 [1039720240, 1040043480, 1040366720, 1040689960, 1041013200, 1060238640, 1060568280, 1060897920, 1061227560, 1061557200, 1080757040, 1081093080, 1081429120, 1081765160, 1082101200, 1101275440, 1101617880, 1101960320, 1102302760, 1102645200, 1121793840, 1122142680, 1122491520, 1122840360, 1123189200]
171 [1041336440, 1041659680, 1041982920, 1042306160, 1042629400, 1061886840, 1062216480, 1062546120, 1062875760, 1063205400, 1082437240, 1082773280, 1083109320, 1083445360, 1083781400, 1102987640, 1103330080, 1103672520, 1104014960, 1104357400, 1123538040, 1123886880, 1124235720, 1124584560, 1124933400]
172 [1042952640, 1043275880, 1043599120, 1043922360, 1044245600, 1063535040, 1063864680, 1064194320, 1064523960, 1064853600, 1084117440, 1084453480, 1084789520, 1085125560, 1085461600, 1104699840, 1105042280, 1105384720, 1105727160, 1106069600, 1125282240, 1125631080, 1125979920, 1126328760, 1126677600]
173 [1044568840, 1044892080, 1045215320, 1045538560, 1045861800, 1065183240, 1065512880, 1065842520, 1066172160, 1066501800, 1085797640, 1086133680, 1086469720, 1086805760, 1087141800, 1106412040, 1106754480, 1107096920, 1107439360, 1107781800, 1127026440, 1127375280, 1127724120, 1128072960, 1128421800]
174 [1046185040, 1046508280, 1046831520, 1047154760, 1047478000, 1066831440, 1067161080, 1067490720, 1067820360, 1068150000, 1087477840, 1087813880, 1088149920, 1088485960, 1088822000, 1108124240, 1108466680, 1108809120, 1109151560, 1109494000, 1128770640, 1129119480, 1129468320, 1129817160, 1130166000]
175 [1047801240, 1048124480, 1048447720, 1048770960, 1049094200, 1068479640, 1068809280, 1069138920, 1069468560, 1069798200, 1089158040, 1089494080, 1089830120, 1090166160, 1090502200, 1109836440, 1110178880, 1110521320, 1110863760, 1111206200, 1130514840, 1130863680, 1131212520, 1131561360, 1131910200]
176 [1049417440, 1049740680, 1050063920, 1050387160, 1050710400, 1070127840, 1070457480, 1070787120, 1071116760, 1071446400, 1090838240, 1091174280, 1091510320, 1091846360, 1092182400, 1111548640, 1111891080, 1112233520, 1112575960, 1112918400, 1132259040, 1132607880, 1132956720, 1133305560, 1133654400]
177 [1126326440, 1126681680, 1127036920, 1127392160, 1127747400, 1146556840, 1146918480, 1147280120, 1147641760, 1148003400, 1166787240, 1167155280, 1167523320, 1167891360, 1168259400, 1187017640, 1187392080, 1187766520, 1188140960, 1188515400, 1207248040, 1207628880, 1208009720, 1208390560, 1208771400]
178 [1128102640, 1128457880, 1128813120, 1129168360, 1129523600, 1148365040, 1148726680, 1149088320, 1149449960, 1149811600, 1168627440, 1168995480, 1169363520, 1169731560, 1170099600, 1188889840, 1189264280, 1189638720, 1190013160, 1190387600, 1209152240, 1209533080, 1209913920, 1210294760, 1210675600]
179 [1129878840, 1130234080, 1130589320, 1130944560, 1131299800, 1150173240, 1150534880, 1150896520, 1151258160, 1151619800, 1170467640, 1170835680, 1171203720, 1171571760, 1171939800, 1190762040, 1191136480, 1191510920, 1191885360, 1192259800, 1211056440, 1211437280, 1211818120, 1212198960, 1212579800]
18 [114982640, 115017880, 115053120, 115088360, 115123600, 135245040, 135286680, 135328320, 135369960, 135411600, 155507440, 155555480, 155603520, 155651560, 155699600, 175769840, 175824280, 175878720, 175933160, 175987600, 196032240, 196093080, 196153920, 196214760, 196275600]
180 [1131655040, 1132010280, 1132365520, 1132720760, 1133076000, 1151981440, 1152343080, 1152704720, 1153066360, 1153428000, 1172307840, 1172675880, 1173043920, 1173411960, 1173780000, 1192634240, 1193008680, 1193383120, 1193757560, 1194132000, 1212960640, 1213341480, 1213722320, 1214103160, 1214484000]
181 [1133431240, 1133786480, 1134141720, 1134496960, 1134852200, 1153789640, 1154151280, 1154512920, 1154874560, 1155236200, 1174148040, 1174516080, 1174884120, 1175252160, 1175620200, 1194506440, 1194880880, 1195255320, 1195629760, 1196004200, 1214864840, 1215245680, 1215626520, 1216007360, 1216388200]
182 [1135207440, 1135562680, 1135917920, 1136273160, 1136628400, 1155597840, 1155959480, 1156321120, 1156682760, 1157044400, 1175988240, 1176356280, 1176724320, 1177092360, 1177460400, 1196378640, 1196753080, 1197127520, 1197501960, 1197876400, 1216769040, 1217149880, 1217530720, 1217911560, 1218292400]
183 [1136983640, 1137338880, 1137694120, 1138049360, 1138404600, 1157406040, 1157767680, 1158129320, 1158490960, 1158852600, 1177828440, 1178196480, 1178564520, 1178932560, 1179300600, 1198250840, 1198625280, 1198999720, 1199374160, 1199748600, 1218673240, 1219054080, 1219434920, 1219815760, 1220196600]
184 [1138759840, 1139115080, 1139470320, 1139825560, 1140180800, 1159214240, 1159575880, 1159937520, 1160299160, 1160660800, 1179668640, 1180036680, 1180404720, 1180772760, 1181140800, 1200123040, 1200497480, 1200871920, 1201246360, 1201620800, 1220577440, 1220958280, 1221339120, 1221719960, 1222100800]
185 [1140536040, 1140891280, 1141246520, 1141601760, 1141957000, 1161022440, 1161384080, 1161745720, 1162107360, 1162469000, 1181508840, 1181876880, 1182244920, 1182612960, 1182981000, 1201995240, 1202369680, 1202744120, 1203118560, 1203493000, 1222481640, 1222862480, 1223243320, 1223624160, 1224005000]
186 [1142312240, 1142667480, 1143022720, 1143377960, 1143733200, 1162830640, 1163192280, 1163553920, 1163915560, 1164277200, 1183349040, 1183717080, 1184085120, 1184453160, 1184821200, 1203867440, 1204241880, 1204616320, 1204990760, 1205365200, 1224385840, 1224766680, 1225147520, 1225528360, 1225909200]
187 [1144088440, 1144443680, 1144798920, 1145154160, 1145509400, 1164638840, 1165000480, 1165362120, 1165723760, 1166085400, 1185189240, 1185557280, 1185925320, 1186293360, 1186661400, 1205739640, 1206114080, 1206488520, 1206862960, 1207237400, 1226290040, 1226670880, 1227051720, 1227432560, 1227813400]
188 [1145864640, 1146219880, 1146575120, 1146930360, 1147285600, 1166447040, 1166808680, 1167170320, 1167531960, 1167893600, 1187029440, 1187397480, 1187765520, 1188133560, 1188501600, 1207611840, 1207986280, 1208360720, 1208735160, 1209109600, 1228194240, 1228575080, 1228955920, 1229336760, 1229717600]
189 [1147640840, 1147996080, 1148351320, 1148706560, 1149061800, 1168255240, 1168616880, 1168978520, 1169340160, 1169701800, 1188869640, 1189237680, 1189605720, 1189973760, 1190341800, 1209484040, 1209858480, 1210232920, 1210607360, 1210981800, 1230098440, 1230479280, 1230860120, 1231240960, 1231621800]
19 [115158840, 115194080, 115229320, 115264560, 115299800, 135453240, 135494880, 135536520, 135578160, 135619800, 155747640, 155795680, 155843720, 155891760, 155939800, 176042040, 176096480, 176150920, 176205360, 176259800, 196336440, 196397280, 196458120, 196518960, 196579800]
190 [1149417040, 1149772280, 1150127520, 1150482760, 1150838000, 1170063440, 1170425080, 1170786720, 1171148360, 1171510000, 1190709840, 1191077880, 1191445920, 1191813960, 1192182000, 1211356240, 1211730680, 1212105120, 1212479560, 1212854000, 1232002640, 1232383480, 1232764320, 1233145160, 1233526000]
191 [1151193240, 1151548480, 1151903720, 1152258960, 1152614200, 1171871640, 1172233280, 1172594920, 1172956560, 1173318200, 1192550040, 1192918080, 1193286120, 1193654160, 1194022200, 1213228440, 1213602880, 1213977320, 1214351760, 1214726200, 1233906840, 1234287680, 1234668520, 1235049360, 1235430200]
192 [1152969440, 1153324680, 1153679920, 1154035160, 1154390400, 1173679840, 1174041480, 1174403120, 1174764760, 1175126400, 1194390240, 1194758280, 1195126320, 1195494360, 1195862400, 1215100640, 1215475080, 1215849520, 1216223960, 1216598400, 1235811040, 1236191880, 1236572720, 1236953560, 1237334400]
193 [1227478440, 1227865680, 1228252920, 1228640160, 1229027400, 1247708840, 1248102480, 1248496120, 1248889760, 1249283400, 1267939240, 1268339280, 1268739320, 1269139360, 1269539400, 1288169640, 1288576080, 1288982520, 1289388960, 1289795400, 1308400040, 1308812880, 1309225720, 1309638560, 1310051400]
194 [1229414640, 1229801880, 1230189120, 1230576360, 1230963600, 1249677040, 1250070680, 1250464320, 1250857960, 1251251600, 1269939440, 1270339480, 1270739520, 1271139560, 1271539600, 1290201840, 1290608280, 1291014720, 1291421160, 1291827600, 1310464240, 1310877080, 1311289920, 1311702760, 1312115600]
195 [1231350840, 1231738080, 1232125320, 1232512560, 1232899800, 1251645240, 1252038880, 1252432520, 1252826160, 1253219800, 1271939640, 1272339680, 1272739720, 1273139760, 1273539800, 1292234040, 1292640480, 1293046920, 1293453360, 1293859800, 1312528440, 1312941280, 1313354120, 1313766960, 1314179800]
196 [1233287040, 1233674280, 1234061520, 1234448760, 1234836000, 1253613440, 1254007080, 1254400720, 1254794360, 1255188000, 1273939840, 1274339880, 1274739920, 1275139960, 1275540000, 1294266240, 1294672680, 1295079120, 1295485560, 1295892000, 1314592640, 1315005480, 1315418320, 1315831160, 1316244000]
197 [1235223240, 1235610480, 1235997720, 1236384960, 1236772200, 1255581640, 1255975280, 1256368920, 1256762560, 1257156200, 1275940040, 1276340080, 1276740120, 1277140160, 1277540200, 1296298440, 1296704880, 1297111320, 1297517760, 1297924200, 1316656840, 1317069680, 1317482520, 1317895360, 1318308200]
198 [1237159440, 1237546680, 1237933920, 1238321160, 1238708400, 1257549840, 1257943480, 1258337120, 1258730760, 1259124400, 1277940240, 1278340280, 1278740320, 1279140360, 1279540400, 1298330640, 1298737080, 1299143520, 1299549960, 1299956400, 1318721040, 1319133880, 1319546720, 1319959560, 1320372400]
199 [1239095640, 1239482880, 1239870120, 1240257360, 1240644600, 1259518040, 1259911680, 1260305320, 1260698960, 1261092600, 1279940440, 1280340480, 1280740520, 1281140560, 1281540600, 1300362840, 1300769280, 1301175720, 1301582160, 1301988600, 1320785240, 1321198080, 1321610920, 1322023760, 1322436600]
2 [13670640, 13673880, 13677120, 13680360, 13683600, 33933040, 33942680, 33952320, 33961960, 33971600, 54195440, 54211480, 54227520, 54243560, 54259600, 74457840, 74480280, 74502720, 74525160, 74547600, 94720240, 94749080, 94777920, 94806760, 94835600]
20 [115335040, 115370280, 115405520, 115440760, 115476000, 135661440, 135703080, 135744720, 135786360, 135828000, 155987840, 156035880, 156083920, 156131960, 156180000, 176314240, 176368680, 176423120, 176477560, 176532000, 196640640, 196701480, 196762320, 196823160, 196884000]
200 [1241031840, 1241419080, 1241806320, 1242193560, 1242580800, 1261486240, 1261879880, 1262273520, 1262667160, 1263060800, 1281940640, 1282340680, 1282740720, 1283140760, 1283540800, 1302395040, 1302801480, 1303207920, 1303614360, 1304020800, 1322849440, 1323262280, 1323675120, 1324087960, 1324500800]
201 [1242968040, 1243355280, 1243742520, 1244129760, 1244517000, 1263454440, 1263848080, 1264241720, 1264635360, 1265029000, 1283940840, 1284340880, 1284740920, 1285140960, 1285541000, 1304427240, 1304833680, 1305240120, 1305646560, 1306053000, 1324913640, 1325326480, 1325739320, 1326152160, 1326565000]
202 [1244904240, 1245291480, 1245678720, 1246065960, 1246453200, 1265422640, 1265816280, 1266209920, 1266603560, 1266997200, 1285941040, 1286341080, 1286741120, 1287141160, 1287541200, 1306459440, 1306865880, 1307272320, 1307678760, 1308085200, 1326977840, 1327390680, 1327803520, 1328216360, 1328629200]
203 [1246840440, 1247227680, 1247614920, 1248002160, 1248389400, 1267390840, 1267784480, 1268178120, 1268571760, 1268965400, 1287941240, 1288341280, 1288741320, 1289141360, 1289541400, 1308491640, 1308898080, 1309304520, 1309710960, 1310117400, 1329042040, 1329454880, 1329867720, 1330280560, 1330693400]
204 [1248776640, 1249163880, 1249551120, 1249938360, 1250325600, 1269359040, 1269752680, 1270146320, 1270539960, 1270933600, 1289941440, 1290341480, 1290741520, 1291141560, 1291541600, 1310523840, 1310930280, 1311336720, 1311743160, 1312149600, 1331106240, 1331519080, 1331931920, 1332344760, 1332757600]
205 [1250712840, 1251100080, 1251487320, 1251874560, 1252261800, 1271327240, 1271720880, 1272114520, 1272508160, 1272901800, 1291941640, 1292341680, 1292741720, 1293141760, 1293541800, 1312556040, 1312962480, 1313368920, 1313775360, 1314181800, 1333170440, 1333583280, 1333996120, 1334408960, 1334821800]
206 [1252649040, 1253036280, 1253423520, 1253810760, 1254198000, 1273295440, 1273689080, 1274082720, 1274476360, 1274870000, 1293941840, 1294341880, 1294741920, 1295141960, 1295542000, 1314588240, 1314994680, 1315401120, 1315807560, 1316214000, 1335234640, 1335647480, 1336060320, 1336473160, 1336886000]
207 [1254585240, 1254972480, 1255359720, 1255746960, 1256134200, 1275263640, 1275657280, 1276050920, 1276444560, 1276838200, 1295942040, 1296342080, 1296742120, 1297142160, 1297542200, 1316620440, 1317026880, 1317433320, 1317839760, 1318246200, 1337298840, 1337711680, 1338124520, 1338537360, 1338950200]
208 [1256521440, 1256908680, 1257295920, 1257683160, 1258070400, 1277231840, 1277625480, 1278019120, 1278412760, 1278806400, 1297942240, 1298342280, 1298742320, 1299142360, 1299542400, 1318652640, 1319059080, 1319465520, 1319871960, 1320278400, 1339363040, 1339775880, 1340188720, 1340601560, 1341014400]
209 [1328630440, 1329049680, 1329468920, 1329888160, 1330307400, 1348860840, 1349286480, 1349712120, 1350137760, 1350563400, 1369091240, 1369523280, 1369955320, 1370387360, 1370819400, 1389321640, 1389760080, 1390198520, 1390636960, 1391075400, 1409552040, 1409996880, 1410441720, 1410886560, 1411331400]
21 [115511240, 115546480, 115581720, 115616960, 115652200, 135869640, 135911280, 135952920, 135994560, 136036200, 156228040, 156276080, 156324120, 156372160, 156420200, 176586440, 176640880, 176695320, 176749760, 176804200, 196944840, 197005680, 197066520, 197127360, 197188200]
210 [1330726640, 1331145880, 1331565120, 1331984360, 1332403600, 1350989040, 1351414680, 1351840320, 1352265960, 1352691600, 1371251440, 1371683480, 1372115520, 1372547560, 1372979600, 1391513840, 1391952280, 1392390720, 1392829160, 1393267600, 1411776240, 1412221080, 1412665920, 1413110760, 1413555600]
211 [1332822840, 1333242080, 1333661320, 1334080560, 1334499800, 1353117240, 1353542880, 1353968520, 1354394160, 1354819800, 1373411640, 1373843680, 1374275720, 1374707760, 1375139800, 1393706040, 1394144480, 1394582920, 1395021360, 1395459800, 1414000440, 1414445280, 1414890120, 1415334960, 1415779800]
212 [1334919040, 1335338280, 1335757520, 1336176760, 1336596000, 1355245440, 1355671080, 1356096720, 1356522360, 1356948000, 1375571840, 1376003880, 1376435920, 1376867960, 1377300000, 1395898240, 1396336680, 1396775120, 1397213560, 1397652000, 1416224640, 1416669480, 1417114320, 1417559160, 1418004000]
213 [1337015240, 1337434480, 1337853720, 1338272960, 1338692200, 1357373640, 1357799280, 1358224920, 1358650560, 1359076200, 1377732040, 1378164080, 1378596120, 1379028160, 1379460200, 1398090440, 1398528880, 1398967320, 1399405760, 1399844200, 1418448840, 1418893680, 1419338520, 1419783360, 1420228200]
214 [1339111440, 1339530680, 1339949920, 1340369160, 1340788400, 1359501840, 1359927480, 1360353120, 1360778760, 1361204400, 1379892240, 1380324280, 1380756320, 1381188360, 1381620400, 1400282640, 1400721080, 1401159520, 1401597960, 1402036400, 1420673040, 1421117880, 1421562720, 1422007560, 1422452400]
215 [1341207640, 1341626880, 1342046120, 1342465360, 1342884600, 1361630040, 1362055680, 1362481320, 1362906960, 1363332600, 1382052440, 1382484480, 1382916520, 1383348560, 1383780600, 1402474840, 1402913280, 1403351720, 1403790160, 1404228600, 1422897240, 1423342080, 1423786920, 1424231760, 1424676600]
216 [1343303840, 1343723080, 1344142320, 1344561560, 1344980800, 1363758240, 1364183880, 1364609520, 1365035160, 1365460800, 1384212640, 1384644680, 1385076720, 1385508760, 1385940800, 1404667040, 1405105480, 1405543920, 1405982360, 1406420800, 1425121440, 1425566280, 1426011120, 1426455960, 1426900800]
217 [1345400040, 1345819280, 1346238520, 1346657760, 1347077000, 1365886440, 1366312080, 1366737720, 1367163360, 1367589000, 1386372840, 1386804880, 1387236920, 1387668960, 1388101000, 1406859240, 1407297680, 1407736120, 1408174560, 1408613000, 1427345640, 1427790480, 1428235320, 1428680160, 1429125000]
218 [1347496240, 1347915480, 1348334720, 1348753960, 1349173200, 1368014640, 1368440280, 1368865920, 1369291560, 1369717200, 1388533040, 1388965080, 1389397120, 1389829160, 1390261200, 1409051440, 1409489880, 1409928320, 1410366760, 1410805200, 1429569840, 1430014680, 1430459520, 1430904360, 1431349200]
219 [1349592440, 1350011680, 1350430920, 1350850160, 1351269400, 1370142840, 1370568480, 1370994120, 1371419760, 1371845400, 1390693240, 1391125280, 1391557320, 1391989360, 1392421400, 1411243640, 1411682080, 1412120520, 1412558960, 1412997400, 1431794040, 1432238880, 1432683720, 1433128560, 1433573400]
22 [115687440, 115722680, 115757920, 115793160, 115828400, 136077840, 136119480, 136161120, 136202760, 136244400, 156468240, 156516280, 156564320, 156612360, 156660400, 176858640, 176913080, 176967520, 177021960, 177076400, 197249040, 197309880, 197370720, 197431560, 197492400]
220 [1351688640, 1352107880, 1352527120, 1352946360, 1353365600, 1372271040, 1372696680, 1373122320, 1373547960, 1373973600, 1392853440, 1393285480, 1393717520, 1394149560, 1394581600, 1413435840, 1413874280, 1414312720, 1414751160, 1415189600, 1434018240, 1434463080, 1434907920, 1435352760, 1435797600]
221 [1353784840, 1354204080, 1354623320, 1355042560, 1355461800, 1374399240, 1374824880, 1375250520, 1375676160, 1376101800, 1395013640, 1395445680, 1395877720, 1396309760, 1396741800, 1415628040, 1416066480, 1416504920, 1416943360, 1417381800, 1436242440, 1436687280, 1437132120, 1437576960, 1438021800]
222 [1355881040, 1356300280, 1356719520, 1357138760, 1357558000, 1376527440, 1376953080, 1377378720, 1377804360, 1378230000, 1397173840, 1397605880, 1398037920, 1398469960, 1398902000, 1417820240, 1418258680, 1418697120, 1419135560, 1419574000, 1438466640, 1438911480, 1439356320, 1439801160, 1440246000]
223 [1357977240, 1358396480, 1358815720, 1359234960, 1359654200, 1378655640, 1379081280, 1379506920, 1379932560, 1380358200, 1399334040, 1399766080, 1400198120, 1400630160, 1401062200, 1420012440, 1420450880, 1420889320, 1421327760, 1421766200, 1440690840, 1441135680, 1441580520, 1442025360, 1442470200]
224 [1360073440, 1360492680, 1360911920, 1361331160, 1361750400, 1380783840, 1381209480, 1381635120, 1382060760, 1382486400, 1401494240, 1401926280, 1402358320, 1402790360, 1403222400, 1422204640, 1422643080, 1423081520, 1423519960, 1423958400, 1442915040, 1443359880, 1443804720, 1444249560, 1444694400]
225 [1429782440, 1430233680, 1430684920, 1431136160, 1431587400, 1450012840, 1450470480, 1450928120, 1451385760, 1451843400, 1470243240, 1470707280, 1471171320, 1471635360, 1472099400, 1490473640, 1490944080, 1491414520, 1491884960, 1492355400, 1510704040, 1511180880, 1511657720, 1512134560, 1512611400]
226 [1432038640, 1432489880, 1432941120, 1433392360, 1433843600, 1452301040, 1452758680, 1453216320, 1453673960, 1454131600, 1472563440, 1473027480, 1473491520, 1473955560, 1474419600, 1492825840, 1493296280, 1493766720, 1494237160, 1494707600, 1513088240, 1513565080, 1514041920, 1514518760, 1514995600]
227 [1434294840, 1434746080, 1435197320, 1435648560, 1436099800, 1454589240, 1455046880, 1455504520, 1455962160, 1456419800, 1474883640, 1475347680, 1475811720, 1476275760, 1476739800, 1495178040, 1495648480, 1496118920, 1496589360, 1497059800, 1515472440, 1515949280, 1516426120, 1516902960, 1517379800]
228 [1436551040, 1437002280, 1437453520, 1437904760, 1438356000, 1456877440, 1457335080, 1457792720, 1458250360, 1458708000, 1477203840, 1477667880, 1478131920, 1478595960, 1479060000, 1497530240, 1498000680, 1498471120, 1498941560, 1499412000, 1517856640, 1518333480, 1518810320, 1519287160, 1519764000]
229 [1438807240, 1439258480, 1439709720, 1440160960, 1440612200, 1459165640, 1459623280, 1460080920, 1460538560, 1460996200, 1479524040, 1479988080, 1480452120, 1480916160, 1481380200, 1499882440, 1500352880, 1500823320, 1501293760, 1501764200, 1520240840, 1520717680, 1521194520, 1521671360, 1522148200]
23 [115863640, 115898880, 115934120, 115969360, 116004600, 136286040, 136327680, 136369320, 136410960, 136452600, 156708440, 156756480, 156804520, 156852560, 156900600, 177130840, 177185280, 177239720, 177294160, 177348600, 197553240, 197614080, 197674920, 197735760, 197796600]
230 [1441063440, 1441514680, 1441965920, 1442417160, 1442868400, 1461453840, 1461911480, 1462369120, 1462826760, 1463284400, 1481844240, 1482308280, 1482772320, 1483236360, 1483700400, 1502234640, 1502705080, 1503175520, 1503645960, 1504116400, 1522625040, 1523101880, 1523578720, 1524055560, 1524532400]
231 [1443319640, 1443770880, 1444222120, 1444673360, 1445124600, 1463742040, 1464199680, 1464657320, 1465114960, 1465572600, 1484164440, 1484628480, 1485092520, 1485556560, 1486020600, 1504586840, 1505057280, 1505527720, 1505998160, 1506468600, 1525009240, 1525486080, 1525962920, 1526439760, 1526916600]
232 [1445575840, 1446027080, 1446478320, 1446929560, 1447380800, 1466030240, 1466487880, 1466945520, 1467403160, 1467860800, 1486484640, 1486948680, 1487412720, 1487876760, 1488340800, 1506939040, 1507409480, 1507879920, 1508350360, 1508820800, 1527393440, 1527870280, 1528347120, 1528823960, 1529300800]
233 [1447832040, 1448283280, 1448734520, 1449185760, 1449637000, 1468318440, 1468776080, 1469233720, 1469691360, 1470149000, 1488804840, 1489268880, 1489732920, 1490196960, 1490661000, 1509291240, 1509761680, 1510232120, 1510702560, 1511173000, 1529777640, 1530254480, 1530731320, 1531208160, 1531685000]
234 [1450088240, 1450539480, 1450990720, 1451441960, 1451893200, 1470606640, 1471064280, 1471521920, 1471979560, 1472437200, 1491125040, 1491589080, 1492053120, 1492517160, 1492981200, 1511643440, 1512113880, 1512584320, 1513054760, 1513525200, 1532161840, 1532638680, 1533115520, 1533592360, 1534069200]
235 [1452344440, 1452795680, 1453246920, 1453698160, 1454149400, 1472894840, 1473352480, 1473810120, 1474267760, 1474725400, 1493445240, 1493909280, 1494373320, 1494837360, 1495301400, 1513995640, 1514466080, 1514936520, 1515406960, 1515877400, 1534546040, 1535022880, 1535499720, 1535976560, 1536453400]
236 [1454600640, 1455051880, 1455503120, 1455954360, 1456405600, 1475183040, 1475640680, 1476098320, 1476555960, 1477013600, 1495765440, 1496229480, 1496693520, 1497157560, 1497621600, 1516347840, 1516818280, 1517288720, 1517759160, 1518229600, 1536930240, 1537407080, 1537883920, 1538360760, 1538837600]
237 [1456856840, 1457308080, 1457759320, 1458210560, 1458661800, 1477471240, 1477928880, 1478386520, 1478844160, 1479301800, 1498085640, 1498549680, 1499013720, 1499477760, 1499941800, 1518700040, 1519170480, 1519640920, 1520111360, 1520581800, 1539314440, 1539791280, 1540268120, 1540744960, 1541221800]
238 [1459113040, 1459564280, 1460015520, 1460466760, 1460918000, 1479759440, 1480217080, 1480674720, 1481132360, 1481590000, 1500405840, 1500869880, 1501333920, 1501797960, 1502262000, 1521052240, 1521522680, 1521993120, 1522463560, 1522934000, 1541698640, 1542175480, 1542652320, 1543129160, 1543606000]
239 [1461369240, 1461820480, 1462271720, 1462722960, 1463174200, 1482047640, 1482505280, 1482962920, 1483420560, 1483878200, 1502726040, 1503190080, 1503654120, 1504118160, 1504582200, 1523404440, 1523874880, 1524345320, 1524815760, 1525286200, 1544082840, 1544559680, 1545036520, 1545513360, 1545990200]
24 [116039840, 116075080, 116110320, 116145560, 116180800, 136494240, 136535880, 136577520, 136619160, 136660800, 156948640, 156996680, 157044720, 157092760, 157140800, 177403040, 177457480, 177511920, 177566360, 177620800, 197857440, 197918280, 197979120, 198039960, 198100800]
240 [1463625440, 1464076680, 1464527920, 1464979160, 1465430400, 1484335840, 1484793480, 1485251120, 1485708760, 1486166400, 1505046240, 1505510280, 1505974320, 1506438360, 1506902400, 1525756640, 1526227080, 1526697520, 1527167960, 1527638400, 1546467040, 1546943880, 1547420720, 1547897560, 1548374400]
241 [1530934440, 1531417680, 1531900920, 1532384160, 1532867400, 1551164840, 1551654480, 1552144120, 1552633760, 1553123400, 1571395240, 1571891280, 1572387320, 1572883360, 1573379400, 1591625640, 1592128080, 1592630520, 1593132960, 1593635400, 1611856040, 1612364880, 1612873720, 1613382560, 1613891400]
242 [1533350640, 1533833880, 1534317120, 1534800360, 1535283600, 1553613040, 1554102680, 1554592320, 1555081960, 1555571600, 1573875440, 1574371480, 1574867520, 1575363560, 1575859600, 1594137840, 1594640280, 1595142720, 1595645160, 1596147600, 1614400240, 1614909080, 1615417920, 1615926760, 1616435600]
243 [1535766840, 1536250080, 1536733320, 1537216560, 1537699800, 1556061240, 1556550880, 1557040520, 1557530160, 1558019800, 1576355640, 1576851680, 1577347720, 1577843760, 1578339800, 1596650040, 1597152480, 1597654920, 1598157360, 1598659800, 1616944440, 1617453280, 1617962120, 1618470960, 1618979800]
244 [1538183040, 1538666280, 1539149520, 1539632760, 1540116000, 1558509440, 1558999080, 1559488720, 1559978360, 1560468000, 1578835840, 1579331880, 1579827920, 1580323960, 1580820000, 1599162240, 1599664680, 1600167120, 1600669560, 1601172000, 1619488640, 1619997480, 1620506320, 1621015160, 1621524000]
245 [1540599240, 1541082480, 1541565720, 1542048960, 1542532200, 1560957640, 1561447280, 1561936920, 1562426560, 1562916200, 1581316040, 1581812080, 1582308120, 1582804160, 1583300200, 1601674440, 1602176880, 1602679320, 1603181760, 1603684200, 1622032840, 1622541680, 1623050520, 1623559360, 1624068200]
246 [1543015440, 1543498680, 1543981920, 1544465160, 1544948400, 1563405840, 1563895480, 1564385120, 1564874760, 1565364400, 1583796240, 1584292280, 1584788320, 1585284360, 1585780400, 1604186640, 1604689080, 1605191520, 1605693960, 1606196400, 1624577040, 1625085880, 1625594720, 1626103560, 1626612400]
247 [1545431640, 1545914880, 1546398120, 1546881360, 1547364600, 1565854040, 1566343680, 1566833320, 1567322960, 1567812600, 1586276440, 1586772480, 1587268520, 1587764560, 1588260600, 1606698840, 1607201280, 1607703720, 1608206160, 1608708600, 1627121240, 1627630080, 1628138920, 1628647760, 1629156600]
248 [1547847840, 1548331080, 1548814320, 1549297560, 1549780800, 1568302240, 1568791880, 1569281520, 1569771160, 1570260800, 1588756640, 1589252680, 1589748720, 1590244760, 1590740800, 1609211040, 1609713480, 1610215920, 1610718360, 1611220800, 1629665440, 1630174280, 1630683120, 1631191960, 1631700800]
249 [1550264040, 1550747280, 1551230520, 1551713760, 1552197000, 1570750440, 1571240080, 1571729720, 1572219360, 1572709000, 1591236840, 1591732880, 1592228920, 1592724960, 1593221000, 1611723240, 1612225680, 1612728120, 1613230560, 1613733000, 1632209640, 1632718480, 1633227320, 1633736160, 1634245000]
25 [116216040, 116251280, 116286520, 116321760, 116357000, 136702440, 136744080, 136785720, 136827360, 136869000, 157188840, 157236880, 157284920, 157332960, 157381000, 177675240, 177729680, 177784120, 177838560, 177893000, 198161640, 198222480, 198283320, 198344160, 198405000]
250 [1552680240, 1553163480, 1553646720, 1554129960, 1554613200, 1573198640, 1573688280, 1574177920, 1574667560, 1575157200, 1593717040, 1594213080, 1594709120, 1595205160, 1595701200, 1614235440, 1614737880, 1615240320, 1615742760, 1616245200, 1634753840, 1635262680, 1635771520, 1636280360, 1636789200]
251 [1555096440, 1555579680, 1556062920, 1556546160, 1557029400, 1575646840, 1576136480, 1576626120, 1577115760, 1577605400, 1596197240, 1596693280, 1597189320, 1597685360, 1598181400, 1616747640, 1617250080, 1617752520, 1618254960, 1618757400, 1637298040, 1637806880, 1638315720, 1638824560, 1639333400]
252 [1557512640, 1557995880, 1558479120, 1558962360, 1559445600, 1578095040, 1578584680, 1579074320, 1579563960, 1580053600, 1598677440, 1599173480, 1599669520, 1600165560, 1600661600, 1619259840, 1619762280, 1620264720, 1620767160, 1621269600, 1639842240, 1640351080, 1640859920, 1641368760, 1641877600]
253 [1559928840, 1560412080, 1560895320, 1561378560, 1561861800, 1580543240, 1581032880, 1581522520, 1582012160, 1582501800, 1601157640, 1601653680, 1602149720, 1602645760, 1603141800, 1621772040, 1622274480, 1622776920, 1623279360, 1623781800, 1642386440, 1642895280, 1643404120, 1643912960, 1644421800]
254 [1562345040, 1562828280, 1563311520, 1563794760, 1564278000, 1582991440, 1583481080, 1583970720, 1584460360, 1584950000, 1603637840, 1604133880, 1604629920, 1605125960, 1605622000, 1624284240, 1624786680, 1625289120, 1625791560, 1626294000, 1644930640, 1645439480, 1645948320, 1646457160, 1646966000]
255 [1564761240, 1565244480, 1565727720, 1566210960, 1566694200, 1585439640, 1585929280, 1586418920, 1586908560, 1587398200, 1606118040, 1606614080, 1607110120, 1607606160, 1608102200, 1626796440, 1627298880, 1627801320, 1628303760, 1628806200, 1647474840, 1647983680, 1648492520, 1649001360, 1649510200]
256 [1567177440, 1567660680, 1568143920, 1568627160, 1569110400, 1587887840, 1588377480, 1588867120, 1589356760, 1589846400, 1608598240, 1609094280, 1609590320, 1610086360, 1610582400, 1629308640, 1629811080, 1630313520, 1630815960, 1631318400, 1650019040, 1650527880, 1651036720, 1651545560, 1652054400]
26 [116392240, 116427480, 116462720, 116497960, 116533200, 136910640, 136952280, 136993920, 137035560, 137077200, 157429040, 157477080, 157525120, 157573160, 157621200, 177947440, 178001880, 178056320, 178110760, 178165200, 198465840, 198526680, 198587520, 198648360, 198709200]
27 [116568440, 116603680, 116638920, 116674160, 116709400, 137118840, 137160480, 137202120, 137243760, 137285400, 157669240, 157717280, 157765320, 157813360, 157861400, 178219640, 178274080, 178328520, 178382960, 178437400, 198770040, 198830880, 198891720, 198952560, 199013400]
28 [116744640, 116779880, 116815120, 116850360, 116885600, 137327040, 137368680, 137410320, 137451960, 137493600, 157909440, 157957480, 158005520, 158053560, 158101600, 178491840, 178546280, 178600720, 178655160, 178709600, 199074240, 199135080, 199195920, 199256760, 199317600]
29 [116920840, 116956080, 116991320, 117026560, 117061800, 137535240, 137576880, 137618520, 137660160, 137701800, 158149640, 158197680, 158245720, 158293760, 158341800, 178764040, 178818480, 178872920, 178927360, 178981800, 199378440, 199439280, 199500120, 199560960, 199621800]
3 [13686840, 13690080, 13693320, 13696560, 13699800, 33981240, 33990880, 34000520, 34010160, 34019800, 54275640, 54291680, 54307720, 54323760, 54339800, 74570040, 74592480, 74614920, 74637360, 74659800, 94864440, 94893280, 94922120, 94950960, 94979800]
30 [117097040, 117132280, 117167520, 117202760, 117238000, 137743440, 137785080, 137826720, 137868360, 137910000, 158389840, 158437880, 158485920, 158533960, 158582000, 179036240, 179090680, 179145120, 179199560, 179254000, 199682640, 199743480, 199804320, 199865160, 199926000]
31 [117273240, 117308480, 117343720, 117378960, 117414200, 137951640, 137993280, 138034920, 138076560, 138118200, 158630040, 158678080, 158726120, 158774160, 158822200, 179308440, 179362880, 179417320, 179471760, 179526200, 199986840, 200047680, 200108520, 200169360, 200230200]
32 [117449440, 117484680, 117519920, 117555160, 117590400, 138159840, 138201480, 138243120, 138284760, 138326400, 158870240, 158918280, 158966320, 159014360, 159062400, 179580640, 179635080, 179689520, 179743960, 179798400, 200291040, 200351880, 200412720, 200473560, 200534400]
33 [215958440, 216025680, 216092920, 216160160, 216227400, 236188840, 236262480, 236336120, 236409760, 236483400, 256419240, 256499280, 256579320, 256659360, 256739400, 276649640, 276736080, 276822520, 276908960, 276995400, 296880040, 296972880, 297065720, 297158560, 297251400]
34 [216294640, 216361880, 216429120, 216496360, 216563600, 236557040, 236630680, 236704320, 236777960, 236851600, 256819440, 256899480, 256979520, 257059560, 257139600, 277081840, 277168280, 277254720, 277341160, 277427600, 297344240, 297437080, 297529920, 297622760, 297715600]
35 [216630840, 216698080, 216765320, 216832560, 216899800, 236925240, 236998880, 237072520, 237146160, 237219800, 257219640, 257299680, 257379720, 257459760, 257539800, 277514040, 277600480, 277686920, 277773360, 277859800, 297808440, 297901280, 297994120, 298086960, 298179800]
36 [216967040, 217034280, 217101520, 217168760, 217236000, 237293440, 237367080, 237440720, 237514360, 237588000, 257619840, 257699880, 257779920, 257859960, 257940000, 277946240, 278032680, 278119120, 278205560, 278292000, 298272640, 298365480, 298458320, 298551160, 298644000]
37 [217303240, 217370480, 217437720, 217504960, 217572200, 237661640, 237735280, 237808920, 237882560, 237956200, 258020040, 258100080, 258180120, 258260160, 258340200, 278378440, 278464880, 278551320, 278637760, 278724200, 298736840, 298829680, 298922520, 299015360, 299108200]
38 [217639440, 217706680, 217773920, 217841160, 217908400, 238029840, 238103480, 238177120, 238250760, 238324400, 258420240, 258500280, 258580320, 258660360, 258740400, 278810640, 278897080, 278983520, 279069960, 279156400, 299201040, 299293880, 299386720, 299479560, 299572400]
39 [217975640, 218042880, 218110120, 218177360, 218244600, 238398040, 238471680, 238545320, 238618960, 238692600, 258820440, 258900480, 258980520, 259060560, 259140600, 279242840, 279329280, 279415720, 279502160, 279588600, 299665240, 299758080, 299850920, 299943760, 300036600]
4 [13703040, 13706280, 13709520, 13712760, 13716000, 34029440, 34039080, 34048720, 34058360, 34068000, 54355840, 54371880, 54387920, 54403960, 54420000, 74682240, 74704680, 74727120, 74749560, 74772000, 95008640, 95037480, 95066320, 95095160, 95124000]
40 [218311840, 218379080, 218446320, 218513560, 218580800, 238766240, 238839880, 238913520, 238987160, 239060800, 259220640, 259300680, 259380720, 259460760, 259540800, 279675040, 279761480, 279847920, 279934360, 280020800, 300129440, 300222280, 300315120, 300407960, 300500800]
41 [218648040, 218715280, 218782520, 218849760, 218917000, 239134440, 239208080, 239281720, 239355360, 239429000, 259620840, 259700880, 259780920, 259860960, 259941000, 280107240, 280193680, 280280120, 280366560, 280453000, 300593640, 300686480, 300779320, 300872160, 300965000]
42 [218984240, 219051480, 219118720, 219185960, 219253200, 239502640, 239576280, 239649920, 239723560, 239797200, 260021040, 260101080, 260181120, 260261160, 260341200, 280539440, 280625880, 280712320, 280798760, 280885200, 301057840, 301150680, 301243520, 301336360, 301429200]
43 [219320440, 219387680, 219454920, 219522160, 219589400, 239870840, 239944480, 240018120, 240091760, 240165400, 260421240, 260501280, 260581320, 260661360, 260741400, 280971640, 281058080, 281144520, 281230960, 281317400, 301522040, 301614880, 301707720, 301800560, 301893400]
44 [219656640, 219723880, 219791120, 219858360, 219925600, 240239040, 240312680, 240386320, 240459960, 240533600, 260821440, 260901480, 260981520, 261061560, 261141600, 281403840, 281490280, 281576720, 281663160, 281749600, 301986240, 302079080, 302171920, 302264760, 302357600]
45 [219992840, 220060080, 220127320, 220194560, 220261800, 240607240, 240680880, 240754520, 240828160, 240901800, 261221640, 261301680, 261381720, 261461760, 261541800, 281836040, 281922480, 282008920, 282095360, 282181800, 302450440, 302543280, 302636120, 302728960, 302821800]
46 [220329040, 220396280, 220463520, 220530760, 220598000, 240975440, 241049080, 241122720, 241196360, 241270000, 261621840, 261701880, 261781920, 261861960, 261942000, 282268240, 282354680, 282441120, 282527560, 282614000, 302914640, 303007480, 303100320, 303193160, 303286000]
47 [220665240, 220732480, 220799720, 220866960, 220934200, 241343640, 241417280, 241490920, 241564560, 241638200, 262022040, 262102080, 262182120, 262262160, 262342200, 282700440, 282786880, 282873320, 282959760, 283046200, 303378840, 303471680, 303564520, 303657360, 303750200]
48 [221001440, 221068680, 221135920, 221203160, 221270400, 241711840, 241785480, 241859120, 241932760, 242006400, 262422240, 262502280, 262582320, 262662360, 262742400, 283132640, 283219080, 283305520, 283391960, 283478400, 303843040, 303935880, 304028720, 304121560, 304214400]
49 [317110440, 317209680, 317308920, 317408160, 317507400, 337340840, 337446480, 337552120, 337657760, 337763400, 357571240, 357683280, 357795320, 357907360, 358019400, 377801640, 377920080, 378038520, 378156960, 378275400, 398032040, 398156880, 398281720, 398406560, 398531400]
5 [13719240, 13722480, 13725720, 13728960, 13732200, 34077640, 34087280, 34096920, 34106560, 34116200, 54436040, 54452080, 54468120, 54484160, 54500200, 74794440, 74816880, 74839320, 74861760, 74884200, 95152840, 95181680, 95210520, 95239360, 95268200]
50 [317606640, 317705880, 317805120, 317904360, 318003600, 337869040, 337974680, 338080320, 338185960, 338291600, 358131440, 358243480, 358355520, 358467560, 358579600, 378393840, 378512280, 378630720, 378749160, 378867600, 398656240, 398781080, 398905920, 399030760, 399155600]
51 [318102840, 318202080, 318301320, 318400560, 318499800, 338397240, 338502880, 338608520, 338714160, 338819800, 358691640, 358803680, 358915720, 359027760, 359139800, 378986040, 379104480, 379222920, 379341360, 379459800, 399280440, 399405280, 399530120, 399654960, 399779800]
52 [318599040, 318698280, 318797520, 318896760, 318996000, 338925440, 339031080, 339136720, 339242360, 339348000, 359251840, 359363880, 359475920, 359587960, 359700000, 379578240, 379696680, 379815120, 379933560, 380052000, 399904640, 400029480, 400154320, 400279160, 400404000]
53 [319095240, 319194480, 319293720, 319392960, 319492200, 339453640, 339559280, 339664920, 339770560, 339876200, 359812040, 359924080, 360036120, 360148160, 360260200, 380170440, 380288880, 380407320, 380525760, 380644200, 400528840, 400653680, 400778520, 400903360, 401028200]
54 [319591440, 319690680, 319789920, 319889160, 319988400, 339981840, 340087480, 340193120, 340298760, 340404400, 360372240, 360484280, 360596320, 360708360, 360820400, 380762640, 380881080, 380999520, 381117960, 381236400, 401153040, 401277880, 401402720, 401527560, 401652400]
55 [320087640, 320186880, 320286120, 320385360, 320484600, 340510040, 340615680, 340721320, 340826960, 340932600, 360932440, 361044480, 361156520, 361268560, 361380600, 381354840, 381473280, 381591720, 381710160, 381828600, 401777240, 401902080, 402026920, 402151760, 402276600]
56 [320583840, 320683080, 320782320, 320881560, 320980800, 341038240, 341143880, 341249520, 341355160, 341460800, 361492640, 361604680, 361716720, 361828760, 361940800, 381947040, 382065480, 382183920, 382302360, 382420800, 402401440, 402526280, 402651120, 402775960, 402900800]
57 [321080040, 321179280, 321278520, 321377760, 321477000, 341566440, 341672080, 341777720, 341883360, 341989000, 362052840, 362164880, 362276920, 362388960, 362501000, 382539240, 382657680, 382776120, 382894560, 383013000, 403025640, 403150480, 403275320, 403400160, 403525000]
58 [321576240, 321675480, 321774720, 321873960, 321973200, 342094640, 342200280, 342305920, 342411560, 342517200, 362613040, 362725080, 362837120, 362949160, 363061200, 383131440, 383249880, 383368320, 383486760, 383605200, 403649840, 403774680, 403899520, 404024360, 404149200]
59 [322072440, 322171680, 322270920, 322370160, 322469400, 342622840, 342728480, 342834120, 342939760, 343045400, 363173240, 363285280, 363397320, 363509360, 363621400, 383723640, 383842080, 383960520, 384078960, 384197400, 404274040, 404398880, 404523720, 404648560, 404773400]
6 [13735440, 13738680, 13741920, 13745160, 13748400, 34125840, 34135480, 34145120, 34154760, 34164400, 54516240, 54532280, 54548320, 54564360, 54580400, 74906640, 74929080, 74951520, 74973960, 74996400, 95297040, 95325880, 95354720, 95383560, 95412400]
60 [322568640, 322667880, 322767120, 322866360, 322965600, 343151040, 343256680, 343362320, 343467960, 343573600, 363733440, 363845480, 363957520, 364069560, 364181600, 384315840, 384434280, 384552720, 384671160, 384789600, 404898240, 405023080, 405147920, 405272760, 405397600]
61 [323064840, 323164080, 323263320, 323362560, 323461800, 343679240, 343784880, 343890520, 343996160, 344101800, 364293640, 364405680, 364517720, 364629760, 364741800, 384908040, 385026480, 385144920, 385263360, 385381800, 405522440, 405647280, 405772120, 405896960, 406021800]
62 [323561040, 323660280, 323759520, 323858760, 323958000, 344207440, 344313080, 344418720, 344524360, 344630000, 364853840, 364965880, 365077920, 365189960, 365302000, 385500240, 385618680, 385737120, 385855560, 385974000, 406146640, 406271480, 406396320, 406521160, 406646000]
63 [324057240, 324156480, 324255720, 324354960, 324454200, 344735640, 344841280, 344946920, 345052560, 345158200, 365414040, 365526080, 365638120, 365750160, 365862200, 386092440, 386210880, 386329320, 386447760, 386566200, 406770840, 406895680, 407020520, 407145360, 407270200]
64 [324553440, 324652680, 324751920, 324851160, 324950400, 345263840, 345369480, 345475120, 345580760, 345686400, 365974240, 366086280, 366198320, 366310360, 366422400, 386684640, 386803080, 386921520, 387039960, 387158400, 407395040, 407519880, 407644720, 407769560, 407894400]
65 [418262440, 418393680, 418524920, 418656160, 418787400, 438492840, 438630480, 438768120, 438905760, 439043400, 458723240, 458867280, 459011320, 459155360, 459299400, 478953640, 479104080, 479254520, 479404960, 479555400, 499184040, 499340880, 499497720, 499654560, 499811400]
66 [418918640, 419049880, 419181120, 419312360, 419443600, 439181040, 439318680, 439456320, 439593960, 439731600, 459443440, 459587480, 459731520, 459875560, 460019600, 479705840, 479856280, 480006720, 480157160, 480307600, 499968240, 500125080, 500281920, 500438760, 500595600]
67 [419574840, 419706080, 419837320, 419968560, 420099800, 439869240, 440006880, 440144520, 440282160, 440419800, 460163640, 460307680, 460451720, 460595760, 460739800, 480458040, 480608480, 480758920, 480909360, 481059800, 500752440, 500909280, 501066120, 501222960, 501379800]
68 [420231040, 420362280, 420493520, 420624760, 420756000, 440557440, 440695080, 440832720, 440970360, 441108000, 460883840, 461027880, 461171920, 461315960, 461460000, 481210240, 481360680, 481511120, 481661560, 481812000, 501536640, 501693480, 501850320, 502007160, 502164000]
69 [420887240, 421018480, 421149720, 421280960, 421412200, 441245640, 441383280, 441520920, 441658560, 441796200, 461604040, 461748080, 461892120, 462036160, 462180200, 481962440, 482112880, 482263320, 482413760, 482564200, 502320840, 502477680, 502634520, 502791360, 502948200]
7 [13751640, 13754880, 13758120, 13761360, 13764600, 34174040, 34183680, 34193320, 34202960, 34212600, 54596440, 54612480, 54628520, 54644560, 54660600, 75018840, 75041280, 75063720, 75086160, 75108600, 95441240, 95470080, 95498920, 95527760, 95556600]
70 [421543440, 421674680, 421805920, 421937160, 422068400, 441933840, 442071480, 442209120, 442346760, 442484400, 462324240, 462468280, 462612320, 462756360, 462900400, 482714640, 482865080, 483015520, 483165960, 483316400, 503105040, 503261880, 503418720, 503575560, 503732400]
71 [422199640, 422330880, 422462120, 422593360, 422724600, 442622040, 442759680, 442897320, 443034960, 443172600, 463044440, 463188480, 463332520, 463476560, 463620600, 483466840, 483617280, 483767720, 483918160, 484068600, 503889240, 504046080, 504202920, 504359760, 504516600]
72 [422855840, 422987080, 423118320, 423249560, 423380800, 443310240, 443447880, 443585520, 443723160, 443860800, 463764640, 463908680, 464052720, 464196760, 464340800, 484219040, 484369480, 484519920, 484670360, 484820800, 504673440, 504830280, 504987120, 505143960, 505300800]
73 [423512040, 423643280, 423774520, 423905760, 424037000, 443998440, 444136080, 444273720, 444411360, 444549000, 464484840, 464628880, 464772920, 464916960, 465061000, 484971240, 485121680, 485272120, 485422560, 485573000, 505457640, 505614480, 505771320, 505928160, 506085000]
74 [424168240, 424299480, 424430720, 424561960, 424693200, 444686640, 444824280, 444961920, 445099560, 445237200, 465205040, 465349080, 465493120, 465637160, 465781200, 485723440, 485873880, 486024320, 486174760, 486325200, 506241840, 506398680, 506555520, 506712360, 506869200]
75 [424824440, 424955680, 425086920, 425218160, 425349400, 445374840, 445512480, 445650120, 445787760, 445925400, 465925240, 466069280, 466213320, 466357360, 466501400, 486475640, 486626080, 486776520, 486926960, 487077400, 507026040, 507182880, 507339720, 507496560, 507653400]
76 [425480640, 425611880, 425743120, 425874360, 426005600, 446063040, 446200680, 446338320, 446475960, 446613600, 466645440, 466789480, 466933520, 467077560, 467221600, 487227840, 487378280, 487528720, 487679160, 487829600, 507810240, 507967080, 508123920, 508280760, 508437600]
77 [426136840, 426268080, 426399320, 426530560, 426661800, 446751240, 446888880, 447026520, 447164160, 447301800, 467365640, 467509680, 467653720, 467797760, 467941800, 487980040, 488130480, 488280920, 488431360, 488581800, 508594440, 508751280, 508908120, 509064960, 509221800]
78 [426793040, 426924280, 427055520, 427186760, 427318000, 447439440, 447577080, 447714720, 447852360, 447990000, 468085840, 468229880, 468373920, 468517960, 468662000, 488732240, 488882680, 489033120, 489183560, 489334000, 509378640, 509535480, 509692320, 509849160, 510006000]
79 [427449240, 427580480, 427711720, 427842960, 427974200, 448127640, 448265280, 448402920, 448540560, 448678200, 468806040, 468950080, 469094120, 469238160, 469382200, 489484440, 489634880, 489785320, 489935760, 490086200, 510162840, 510319680, 510476520, 510633360, 510790200]
8 [13767840, 13771080, 13774320, 13777560, 13780800, 34222240, 34231880, 34241520, 34251160, 34260800, 54676640, 54692680, 54708720, 54724760, 54740800, 75131040, 75153480, 75175920, 75198360, 75220800, 95585440, 95614280, 95643120, 95671960, 95700800]
80 [428105440, 428236680, 428367920, 428499160, 428630400, 448815840, 448953480, 449091120, 449228760, 449366400, 469526240, 469670280, 469814320, 469958360, 470102400, 490236640, 490387080, 490537520, 490687960, 490838400, 510947040, 511103880, 511260720, 511417560, 511574400]
81 [519414440, 519577680, 519740920, 519904160, 520067400, 539644840, 539814480, 539984120, 540153760, 540323400, 559875240, 560051280, 560227320, 560403360, 560579400, 580105640, 580288080, 580470520, 580652960, 580835400, 600336040, 600524880, 600713720, 600902560, 601091400]
82 [520230640, 520393880, 520557120, 520720360, 520883600, 540493040, 540662680, 540832320, 541001960, 541171600, 560755440, 560931480, 561107520, 561283560, 561459600, 581017840, 581200280, 581382720, 581565160, 581747600, 601280240, 601469080, 601657920, 601846760, 602035600]
83 [521046840, 521210080, 521373320, 521536560, 521699800, 541341240, 541510880, 541680520, 541850160, 542019800, 561635640, 561811680, 561987720, 562163760, 562339800, 581930040, 582112480, 582294920, 582477360, 582659800, 602224440, 602413280, 602602120, 602790960, 602979800]
84 [521863040, 522026280, 522189520, 522352760, 522516000, 542189440, 542359080, 542528720, 542698360, 542868000, 562515840, 562691880, 562867920, 563043960, 563220000, 582842240, 583024680, 583207120, 583389560, 583572000, 603168640, 603357480, 603546320, 603735160, 603924000]
85 [522679240, 522842480, 523005720, 523168960, 523332200, 543037640, 543207280, 543376920, 543546560, 543716200, 563396040, 563572080, 563748120, 563924160, 564100200, 583754440, 583936880, 584119320, 584301760, 584484200, 604112840, 604301680, 604490520, 604679360, 604868200]
86 [523495440, 523658680, 523821920, 523985160, 524148400, 543885840, 544055480, 544225120, 544394760, 544564400, 564276240, 564452280, 564628320, 564804360, 564980400, 584666640, 584849080, 585031520, 585213960, 585396400, 605057040, 605245880, 605434720, 605623560, 605812400]
87 [524311640, 524474880, 524638120, 524801360, 524964600, 544734040, 544903680, 545073320, 545242960, 545412600, 565156440, 565332480, 565508520, 565684560, 565860600, 585578840, 585761280, 585943720, 586126160, 586308600, 606001240, 606190080, 606378920, 606567760, 606756600]
88 [525127840, 525291080, 525454320, 525617560, 525780800, 545582240, 545751880, 545921520, 546091160, 546260800, 566036640, 566212680, 566388720, 566564760, 566740800, 586491040, 586673480, 586855920, 587038360, 587220800, 606945440, 607134280, 607323120, 607511960, 607700800]
89 [525944040, 526107280, 526270520, 526433760, 526597000, 546430440, 546600080, 546769720, 546939360, 547109000, 566916840, 567092880, 567268920, 567444960, 567621000, 587403240, 587585680, 587768120, 587950560, 588133000, 607889640, 608078480, 608267320, 608456160, 608645000]
9 [13784040, 13787280, 13790520, 13793760, 13797000, 34270440, 34280080, 34289720, 34299360, 34309000, 54756840, 54772880, 54788920, 54804960, 54821000, 75243240, 75265680, 75288120, 75310560, 75333000, 95729640, 95758480, 95787320, 95816160, 95845000]
90 [526760240, 526923480, 527086720, 527249960, 527413200, 547278640, 547448280, 547617920, 547787560, 547957200, 567797040, 567973080, 568149120, 568325160, 568501200, 588315440, 588497880, 588680320, 588862760, 589045200, 608833840, 609022680, 609211520, 609400360, 609589200]
91 [527576440, 527739680, 527902920, 528066160, 528229400, 548126840, 548296480, 548466120, 548635760, 548805400, 568677240, 568853280, 569029320, 569205360, 569381400, 589227640, 589410080, 589592520, 589774960, 589957400, 609778040, 609966880, 610155720, 610344560, 610533400]
92 [528392640, 528555880, 528719120, 528882360, 529045600, 548975040, 549144680, 549314320, 549483960, 549653600, 569557440, 569733480, 569909520, 570085560, 570261600, 590139840, 590322280, 590504720, 590687160, 590869600, 610722240, 610911080, 611099920, 611288760, 611477600]
93 [529208840, 529372080, 529535320, 529698560, 529861800, 549823240, 549992880, 550162520, 550332160, 550501800, 570437640, 570613680, 570789720, 570965760, 571141800, 591052040, 591234480, 591416920, 591599360, 591781800, 611666440, 611855280, 612044120, 612232960, 612421800]
94 [530025040, 530188280, 530351520, 530514760, 530678000, 550671440, 550841080, 551010720, 551180360, 551350000, 571317840, 571493880, 571669920, 571845960, 572022000, 591964240, 592146680, 592329120, 592511560, 592694000, 612610640, 612799480, 612988320, 613177160, 613366000]
95 [530841240, 531004480, 531167720, 531330960, 531494200, 551519640, 551689280, 551858920, 552028560, 552198200, 572198040, 572374080, 572550120, 572726160, 572902200, 592876440, 593058880, 593241320, 593423760, 593606200, 613554840, 613743680, 613932520, 614121360, 614310200]
96 [531657440, 531820680, 531983920, 532147160, 532310400, 552367840, 552537480, 552707120, 552876760, 553046400, 573078240, 573254280, 573430320, 573606360, 573782400, 593788640, 593971080, 594153520, 594335960, 594518400, 614499040, 614687880, 614876720, 615065560, 615254400]
97 [620566440, 620761680, 620956920, 621152160, 621347400, 640796840, 640998480, 641200120, 641401760, 641603400, 661027240, 661235280, 661443320, 661651360, 661859400, 681257640, 681472080, 681686520, 681900960, 682115400, 701488040, 701708880, 701929720, 702150560, 702371400]
98 [621542640, 621737880, 621933120, 622128360, 622323600, 641805040, 642006680, 642208320, 642409960, 642611600, 662067440, 662275480, 662483520, 662691560, 662899600, 682329840, 682544280, 682758720, 682973160, 683187600, 702592240, 702813080, 703033920, 703254760, 703475600]
99 [622518840, 622714080, 622909320, 623104560, 623299800, 642813240, 643014880, 643216520, 643418160, 643619800, 663107640, 663315680, 663523720, 663731760, 663939800, 683402040, 683616480, 683830920, 684045360, 684259800, 703696440, 703917280, 704138120, 704358960, 704579800]
