80 80	
0 0 1
0 1 2
0 2 3
0 3 4
0 4 5
0 5 6
0 6 7
0 7 8
0 8 9
0 9 10
0 10 11
0 11 12
0 12 13
0 13 14
0 14 15
0 15 16
0 16 17
0 17 18
0 18 19
0 19 20
0 20 21
0 21 22
0 22 23
0 23 24
0 24 25
0 25 26
0 26 27
0 27 28
0 28 29
0 29 30
0 30 31
0 31 32
0 32 33
0 33 34
0 34 35
0 35 36
0 36 37
0 37 38
0 38 39
0 39 40
0 40 41
0 41 42
0 42 43
0 43 44
0 44 45
0 45 46
0 46 47
0 47 48
0 48 49
0 49 50
0 50 51
0 51 52
0 52 53
0 53 54
0 54 55
0 55 56
0 56 57
0 57 58
0 58 59
0 59 60
0 60 61
0 61 62
0 62 63
0 63 64
0 64 65
0 65 66
0 66 67
0 67 68
0 68 69
0 69 70
0 70 71
0 71 72
0 72 73
0 73 74
0 74 75
0 75 76
0 76 77
0 77 78
0 78 79
0 79 80
1 0 81
1 1 82
1 2 83
1 3 84
1 4 85
1 5 86
1 6 87
1 7 88
1 8 89
1 9 90
1 10 91
1 11 92
1 12 93
1 13 94
1 14 95
1 15 96
1 16 97
1 17 98
1 18 99
1 19 100
1 20 101
1 21 102
1 22 103
1 23 104
1 24 105
1 25 106
1 26 107
1 27 108
1 28 109
1 29 110
1 30 111
1 31 112
1 32 113
1 33 114
1 34 115
1 35 116
1 36 117
1 37 118
1 38 119
1 39 120
1 40 121
1 41 122
1 42 123
1 43 124
1 44 125
1 45 126
1 46 127
1 47 128
1 48 129
1 49 130
1 50 131
1 51 132
1 52 133
1 53 134
1 54 135
1 55 136
1 56 137
1 57 138
1 58 139
1 59 140
1 60 141
1 61 142
1 62 143
1 63 144
1 64 145
1 65 146
1 66 147
1 67 148
1 68 149
1 69 150
1 70 151
1 71 152
1 72 153
1 73 154
1 74 155
1 75 156
1 76 157
1 77 158
1 78 159
1 79 160
2 0 161
2 1 162
2 2 163
2 3 164
2 4 165
2 5 166
2 6 167
2 7 168
2 8 169
2 9 170
2 10 171
2 11 172
2 12 173
2 13 174
2 14 175
2 15 176
2 16 177
2 17 178
2 18 179
2 19 180
2 20 181
2 21 182
2 22 183
2 23 184
2 24 185
2 25 186
2 26 187
2 27 188
2 28 189
2 29 190
2 30 191
2 31 192
2 32 193
2 33 194
2 34 195
2 35 196
2 36 197
2 37 198
2 38 199
2 39 200
2 40 201
2 41 202
2 42 203
2 43 204
2 44 205
2 45 206
2 46 207
2 47 208
2 48 209
2 49 210
2 50 211
2 51 212
2 52 213
2 53 214
2 54 215
2 55 216
2 56 217
2 57 218
2 58 219
2 59 220
2 60 221
2 61 222
2 62 223
2 63 224
2 64 225
2 65 226
2 66 227
2 67 228
2 68 229
2 69 230
2 70 231
2 71 232
2 72 233
2 73 234
2 74 235
2 75 236
2 76 237
2 77 238
2 78 239
2 79 240
3 0 241
3 1 242
3 2 243
3 3 244
3 4 245
3 5 246
3 6 247
3 7 248
3 8 249
3 9 250
3 10 251
3 11 252
3 12 253
3 13 254
3 14 255
3 15 256
3 16 257
3 17 258
3 18 259
3 19 260
3 20 261
3 21 262
3 22 263
3 23 264
3 24 265
3 25 266
3 26 267
3 27 268
3 28 269
3 29 270
3 30 271
3 31 272
3 32 273
3 33 274
3 34 275
3 35 276
3 36 277
3 37 278
3 38 279
3 39 280
3 40 281
3 41 282
3 42 283
3 43 284
3 44 285
3 45 286
3 46 287
3 47 288
3 48 289
3 49 290
3 50 291
3 51 292
3 52 293
3 53 294
3 54 295
3 55 296
3 56 297
3 57 298
3 58 299
3 59 300
3 60 301
3 61 302
3 62 303
3 63 304
3 64 305
3 65 306
3 66 307
3 67 308
3 68 309
3 69 310
3 70 311
3 71 312
3 72 313
3 73 314
3 74 315
3 75 316
3 76 317
3 77 318
3 78 319
3 79 320
4 0 321
4 1 322
4 2 323
4 3 324
4 4 325
4 5 326
4 6 327
4 7 328
4 8 329
4 9 330
4 10 331
4 11 332
4 12 333
4 13 334
4 14 335
4 15 336
4 16 337
4 17 338
4 18 339
4 19 340
4 20 341
4 21 342
4 22 343
4 23 344
4 24 345
4 25 346
4 26 347
4 27 348
4 28 349
4 29 350
4 30 351
4 31 352
4 32 353
4 33 354
4 34 355
4 35 356
4 36 357
4 37 358
4 38 359
4 39 360
4 40 361
4 41 362
4 42 363
4 43 364
4 44 365
4 45 366
4 46 367
4 47 368
4 48 369
4 49 370
4 50 371
4 51 372
4 52 373
4 53 374
4 54 375
4 55 376
4 56 377
4 57 378
4 58 379
4 59 380
4 60 381
4 61 382
4 62 383
4 63 384
4 64 385
4 65 386
4 66 387
4 67 388
4 68 389
4 69 390
4 70 391
4 71 392
4 72 393
4 73 394
4 74 395
4 75 396
4 76 397
4 77 398
4 78 399
4 79 400
5 0 401
5 1 402
5 2 403
5 3 404
5 4 405
5 5 406
5 6 407
5 7 408
5 8 409
5 9 410
5 10 411
5 11 412
5 12 413
5 13 414
5 14 415
5 15 416
5 16 417
5 17 418
5 18 419
5 19 420
5 20 421
5 21 422
5 22 423
5 23 424
5 24 425
5 25 426
5 26 427
5 27 428
5 28 429
5 29 430
5 30 431
5 31 432
5 32 433
5 33 434
5 34 435
5 35 436
5 36 437
5 37 438
5 38 439
5 39 440
5 40 441
5 41 442
5 42 443
5 43 444
5 44 445
5 45 446
5 46 447
5 47 448
5 48 449
5 49 450
5 50 451
5 51 452
5 52 453
5 53 454
5 54 455
5 55 456
5 56 457
5 57 458
5 58 459
5 59 460
5 60 461
5 61 462
5 62 463
5 63 464
5 64 465
5 65 466
5 66 467
5 67 468
5 68 469
5 69 470
5 70 471
5 71 472
5 72 473
5 73 474
5 74 475
5 75 476
5 76 477
5 77 478
5 78 479
5 79 480
6 0 481
6 1 482
6 2 483
6 3 484
6 4 485
6 5 486
6 6 487
6 7 488
6 8 489
6 9 490
6 10 491
6 11 492
6 12 493
6 13 494
6 14 495
6 15 496
6 16 497
6 17 498
6 18 499
6 19 500
6 20 501
6 21 502
6 22 503
6 23 504
6 24 505
6 25 506
6 26 507
6 27 508
6 28 509
6 29 510
6 30 511
6 31 512
6 32 513
6 33 514
6 34 515
6 35 516
6 36 517
6 37 518
6 38 519
6 39 520
6 40 521
6 41 522
6 42 523
6 43 524
6 44 525
6 45 526
6 46 527
6 47 528
6 48 529
6 49 530
6 50 531
6 51 532
6 52 533
6 53 534
6 54 535
6 55 536
6 56 537
6 57 538
6 58 539
6 59 540
6 60 541
6 61 542
6 62 543
6 63 544
6 64 545
6 65 546
6 66 547
6 67 548
6 68 549
6 69 550
6 70 551
6 71 552
6 72 553
6 73 554
6 74 555
6 75 556
6 76 557
6 77 558
6 78 559
6 79 560
7 0 561
7 1 562
7 2 563
7 3 564
7 4 565
7 5 566
7 6 567
7 7 568
7 8 569
7 9 570
7 10 571
7 11 572
7 12 573
7 13 574
7 14 575
7 15 576
7 16 577
7 17 578
7 18 579
7 19 580
7 20 581
7 21 582
7 22 583
7 23 584
7 24 585
7 25 586
7 26 587
7 27 588
7 28 589
7 29 590
7 30 591
7 31 592
7 32 593
7 33 594
7 34 595
7 35 596
7 36 597
7 37 598
7 38 599
7 39 600
7 40 601
7 41 602
7 42 603
7 43 604
7 44 605
7 45 606
7 46 607
7 47 608
7 48 609
7 49 610
7 50 611
7 51 612
7 52 613
7 53 614
7 54 615
7 55 616
7 56 617
7 57 618
7 58 619
7 59 620
7 60 621
7 61 622
7 62 623
7 63 624
7 64 625
7 65 626
7 66 627
7 67 628
7 68 629
7 69 630
7 70 631
7 71 632
7 72 633
7 73 634
7 74 635
7 75 636
7 76 637
7 77 638
7 78 639
7 79 640
8 0 641
8 1 642
8 2 643
8 3 644
8 4 645
8 5 646
8 6 647
8 7 648
8 8 649
8 9 650
8 10 651
8 11 652
8 12 653
8 13 654
8 14 655
8 15 656
8 16 657
8 17 658
8 18 659
8 19 660
8 20 661
8 21 662
8 22 663
8 23 664
8 24 665
8 25 666
8 26 667
8 27 668
8 28 669
8 29 670
8 30 671
8 31 672
8 32 673
8 33 674
8 34 675
8 35 676
8 36 677
8 37 678
8 38 679
8 39 680
8 40 681
8 41 682
8 42 683
8 43 684
8 44 685
8 45 686
8 46 687
8 47 688
8 48 689
8 49 690
8 50 691
8 51 692
8 52 693
8 53 694
8 54 695
8 55 696
8 56 697
8 57 698
8 58 699
8 59 700
8 60 701
8 61 702
8 62 703
8 63 704
8 64 705
8 65 706
8 66 707
8 67 708
8 68 709
8 69 710
8 70 711
8 71 712
8 72 713
8 73 714
8 74 715
8 75 716
8 76 717
8 77 718
8 78 719
8 79 720
9 0 721
9 1 722
9 2 723
9 3 724
9 4 725
9 5 726
9 6 727
9 7 728
9 8 729
9 9 730
9 10 731
9 11 732
9 12 733
9 13 734
9 14 735
9 15 736
9 16 737
9 17 738
9 18 739
9 19 740
9 20 741
9 21 742
9 22 743
9 23 744
9 24 745
9 25 746
9 26 747
9 27 748
9 28 749
9 29 750
9 30 751
9 31 752
9 32 753
9 33 754
9 34 755
9 35 756
9 36 757
9 37 758
9 38 759
9 39 760
9 40 761
9 41 762
9 42 763
9 43 764
9 44 765
9 45 766
9 46 767
9 47 768
9 48 769
9 49 770
9 50 771
9 51 772
9 52 773
9 53 774
9 54 775
9 55 776
9 56 777
9 57 778
9 58 779
9 59 780
9 60 781
9 61 782
9 62 783
9 63 784
9 64 785
9 65 786
9 66 787
9 67 788
9 68 789
9 69 790
9 70 791
9 71 792
9 72 793
9 73 794
9 74 795
9 75 796
9 76 797
9 77 798
9 78 799
9 79 800
10 0 801
10 1 802
10 2 803
10 3 804
10 4 805
10 5 806
10 6 807
10 7 808
10 8 809
10 9 810
10 10 811
10 11 812
10 12 813
10 13 814
10 14 815
10 15 816
10 16 817
10 17 818
10 18 819
10 19 820
10 20 821
10 21 822
10 22 823
10 23 824
10 24 825
10 25 826
10 26 827
10 27 828
10 28 829
10 29 830
10 30 831
10 31 832
10 32 833
10 33 834
10 34 835
10 35 836
10 36 837
10 37 838
10 38 839
10 39 840
10 40 841
10 41 842
10 42 843
10 43 844
10 44 845
10 45 846
10 46 847
10 47 848
10 48 849
10 49 850
10 50 851
10 51 852
10 52 853
10 53 854
10 54 855
10 55 856
10 56 857
10 57 858
10 58 859
10 59 860
10 60 861
10 61 862
10 62 863
10 63 864
10 64 865
10 65 866
10 66 867
10 67 868
10 68 869
10 69 870
10 70 871
10 71 872
10 72 873
10 73 874
10 74 875
10 75 876
10 76 877
10 77 878
10 78 879
10 79 880
11 0 881
11 1 882
11 2 883
11 3 884
11 4 885
11 5 886
11 6 887
11 7 888
11 8 889
11 9 890
11 10 891
11 11 892
11 12 893
11 13 894
11 14 895
11 15 896
11 16 897
11 17 898
11 18 899
11 19 900
11 20 901
11 21 902
11 22 903
11 23 904
11 24 905
11 25 906
11 26 907
11 27 908
11 28 909
11 29 910
11 30 911
11 31 912
11 32 913
11 33 914
11 34 915
11 35 916
11 36 917
11 37 918
11 38 919
11 39 920
11 40 921
11 41 922
11 42 923
11 43 924
11 44 925
11 45 926
11 46 927
11 47 928
11 48 929
11 49 930
11 50 931
11 51 932
11 52 933
11 53 934
11 54 935
11 55 936
11 56 937
11 57 938
11 58 939
11 59 940
11 60 941
11 61 942
11 62 943
11 63 944
11 64 945
11 65 946
11 66 947
11 67 948
11 68 949
11 69 950
11 70 951
11 71 952
11 72 953
11 73 954
11 74 955
11 75 956
11 76 957
11 77 958
11 78 959
11 79 960
12 0 961
12 1 962
12 2 963
12 3 964
12 4 965
12 5 966
12 6 967
12 7 968
12 8 969
12 9 970
12 10 971
12 11 972
12 12 973
12 13 974
12 14 975
12 15 976
12 16 977
12 17 978
12 18 979
12 19 980
12 20 981
12 21 982
12 22 983
12 23 984
12 24 985
12 25 986
12 26 987
12 27 988
12 28 989
12 29 990
12 30 991
12 31 992
12 32 993
12 33 994
12 34 995
12 35 996
12 36 997
12 37 998
12 38 999
12 39 1000
12 40 1001
12 41 1002
12 42 1003
12 43 1004
12 44 1005
12 45 1006
12 46 1007
12 47 1008
12 48 1009
12 49 1010
12 50 1011
12 51 1012
12 52 1013
12 53 1014
12 54 1015
12 55 1016
12 56 1017
12 57 1018
12 58 1019
12 59 1020
12 60 1021
12 61 1022
12 62 1023
12 63 1024
12 64 1025
12 65 1026
12 66 1027
12 67 1028
12 68 1029
12 69 1030
12 70 1031
12 71 1032
12 72 1033
12 73 1034
12 74 1035
12 75 1036
12 76 1037
12 77 1038
12 78 1039
12 79 1040
13 0 1041
13 1 1042
13 2 1043
13 3 1044
13 4 1045
13 5 1046
13 6 1047
13 7 1048
13 8 1049
13 9 1050
13 10 1051
13 11 1052
13 12 1053
13 13 1054
13 14 1055
13 15 1056
13 16 1057
13 17 1058
13 18 1059
13 19 1060
13 20 1061
13 21 1062
13 22 1063
13 23 1064
13 24 1065
13 25 1066
13 26 1067
13 27 1068
13 28 1069
13 29 1070
13 30 1071
13 31 1072
13 32 1073
13 33 1074
13 34 1075
13 35 1076
13 36 1077
13 37 1078
13 38 1079
13 39 1080
13 40 1081
13 41 1082
13 42 1083
13 43 1084
13 44 1085
13 45 1086
13 46 1087
13 47 1088
13 48 1089
13 49 1090
13 50 1091
13 51 1092
13 52 1093
13 53 1094
13 54 1095
13 55 1096
13 56 1097
13 57 1098
13 58 1099
13 59 1100
13 60 1101
13 61 1102
13 62 1103
13 63 1104
13 64 1105
13 65 1106
13 66 1107
13 67 1108
13 68 1109
13 69 1110
13 70 1111
13 71 1112
13 72 1113
13 73 1114
13 74 1115
13 75 1116
13 76 1117
13 77 1118
13 78 1119
13 79 1120
14 0 1121
14 1 1122
14 2 1123
14 3 1124
14 4 1125
14 5 1126
14 6 1127
14 7 1128
14 8 1129
14 9 1130
14 10 1131
14 11 1132
14 12 1133
14 13 1134
14 14 1135
14 15 1136
14 16 1137
14 17 1138
14 18 1139
14 19 1140
14 20 1141
14 21 1142
14 22 1143
14 23 1144
14 24 1145
14 25 1146
14 26 1147
14 27 1148
14 28 1149
14 29 1150
14 30 1151
14 31 1152
14 32 1153
14 33 1154
14 34 1155
14 35 1156
14 36 1157
14 37 1158
14 38 1159
14 39 1160
14 40 1161
14 41 1162
14 42 1163
14 43 1164
14 44 1165
14 45 1166
14 46 1167
14 47 1168
14 48 1169
14 49 1170
14 50 1171
14 51 1172
14 52 1173
14 53 1174
14 54 1175
14 55 1176
14 56 1177
14 57 1178
14 58 1179
14 59 1180
14 60 1181
14 61 1182
14 62 1183
14 63 1184
14 64 1185
14 65 1186
14 66 1187
14 67 1188
14 68 1189
14 69 1190
14 70 1191
14 71 1192
14 72 1193
14 73 1194
14 74 1195
14 75 1196
14 76 1197
14 77 1198
14 78 1199
14 79 1200
15 0 1201
15 1 1202
15 2 1203
15 3 1204
15 4 1205
15 5 1206
15 6 1207
15 7 1208
15 8 1209
15 9 1210
15 10 1211
15 11 1212
15 12 1213
15 13 1214
15 14 1215
15 15 1216
15 16 1217
15 17 1218
15 18 1219
15 19 1220
15 20 1221
15 21 1222
15 22 1223
15 23 1224
15 24 1225
15 25 1226
15 26 1227
15 27 1228
15 28 1229
15 29 1230
15 30 1231
15 31 1232
15 32 1233
15 33 1234
15 34 1235
15 35 1236
15 36 1237
15 37 1238
15 38 1239
15 39 1240
15 40 1241
15 41 1242
15 42 1243
15 43 1244
15 44 1245
15 45 1246
15 46 1247
15 47 1248
15 48 1249
15 49 1250
15 50 1251
15 51 1252
15 52 1253
15 53 1254
15 54 1255
15 55 1256
15 56 1257
15 57 1258
15 58 1259
15 59 1260
15 60 1261
15 61 1262
15 62 1263
15 63 1264
15 64 1265
15 65 1266
15 66 1267
15 67 1268
15 68 1269
15 69 1270
15 70 1271
15 71 1272
15 72 1273
15 73 1274
15 74 1275
15 75 1276
15 76 1277
15 77 1278
15 78 1279
15 79 1280
16 0 1281
16 1 1282
16 2 1283
16 3 1284
16 4 1285
16 5 1286
16 6 1287
16 7 1288
16 8 1289
16 9 1290
16 10 1291
16 11 1292
16 12 1293
16 13 1294
16 14 1295
16 15 1296
16 16 1297
16 17 1298
16 18 1299
16 19 1300
16 20 1301
16 21 1302
16 22 1303
16 23 1304
16 24 1305
16 25 1306
16 26 1307
16 27 1308
16 28 1309
16 29 1310
16 30 1311
16 31 1312
16 32 1313
16 33 1314
16 34 1315
16 35 1316
16 36 1317
16 37 1318
16 38 1319
16 39 1320
16 40 1321
16 41 1322
16 42 1323
16 43 1324
16 44 1325
16 45 1326
16 46 1327
16 47 1328
16 48 1329
16 49 1330
16 50 1331
16 51 1332
16 52 1333
16 53 1334
16 54 1335
16 55 1336
16 56 1337
16 57 1338
16 58 1339
16 59 1340
16 60 1341
16 61 1342
16 62 1343
16 63 1344
16 64 1345
16 65 1346
16 66 1347
16 67 1348
16 68 1349
16 69 1350
16 70 1351
16 71 1352
16 72 1353
16 73 1354
16 74 1355
16 75 1356
16 76 1357
16 77 1358
16 78 1359
16 79 1360
17 0 1361
17 1 1362
17 2 1363
17 3 1364
17 4 1365
17 5 1366
17 6 1367
17 7 1368
17 8 1369
17 9 1370
17 10 1371
17 11 1372
17 12 1373
17 13 1374
17 14 1375
17 15 1376
17 16 1377
17 17 1378
17 18 1379
17 19 1380
17 20 1381
17 21 1382
17 22 1383
17 23 1384
17 24 1385
17 25 1386
17 26 1387
17 27 1388
17 28 1389
17 29 1390
17 30 1391
17 31 1392
17 32 1393
17 33 1394
17 34 1395
17 35 1396
17 36 1397
17 37 1398
17 38 1399
17 39 1400
17 40 1401
17 41 1402
17 42 1403
17 43 1404
17 44 1405
17 45 1406
17 46 1407
17 47 1408
17 48 1409
17 49 1410
17 50 1411
17 51 1412
17 52 1413
17 53 1414
17 54 1415
17 55 1416
17 56 1417
17 57 1418
17 58 1419
17 59 1420
17 60 1421
17 61 1422
17 62 1423
17 63 1424
17 64 1425
17 65 1426
17 66 1427
17 67 1428
17 68 1429
17 69 1430
17 70 1431
17 71 1432
17 72 1433
17 73 1434
17 74 1435
17 75 1436
17 76 1437
17 77 1438
17 78 1439
17 79 1440
18 0 1441
18 1 1442
18 2 1443
18 3 1444
18 4 1445
18 5 1446
18 6 1447
18 7 1448
18 8 1449
18 9 1450
18 10 1451
18 11 1452
18 12 1453
18 13 1454
18 14 1455
18 15 1456
18 16 1457
18 17 1458
18 18 1459
18 19 1460
18 20 1461
18 21 1462
18 22 1463
18 23 1464
18 24 1465
18 25 1466
18 26 1467
18 27 1468
18 28 1469
18 29 1470
18 30 1471
18 31 1472
18 32 1473
18 33 1474
18 34 1475
18 35 1476
18 36 1477
18 37 1478
18 38 1479
18 39 1480
18 40 1481
18 41 1482
18 42 1483
18 43 1484
18 44 1485
18 45 1486
18 46 1487
18 47 1488
18 48 1489
18 49 1490
18 50 1491
18 51 1492
18 52 1493
18 53 1494
18 54 1495
18 55 1496
18 56 1497
18 57 1498
18 58 1499
18 59 1500
18 60 1501
18 61 1502
18 62 1503
18 63 1504
18 64 1505
18 65 1506
18 66 1507
18 67 1508
18 68 1509
18 69 1510
18 70 1511
18 71 1512
18 72 1513
18 73 1514
18 74 1515
18 75 1516
18 76 1517
18 77 1518
18 78 1519
18 79 1520
19 0 1521
19 1 1522
19 2 1523
19 3 1524
19 4 1525
19 5 1526
19 6 1527
19 7 1528
19 8 1529
19 9 1530
19 10 1531
19 11 1532
19 12 1533
19 13 1534
19 14 1535
19 15 1536
19 16 1537
19 17 1538
19 18 1539
19 19 1540
19 20 1541
19 21 1542
19 22 1543
19 23 1544
19 24 1545
19 25 1546
19 26 1547
19 27 1548
19 28 1549
19 29 1550
19 30 1551
19 31 1552
19 32 1553
19 33 1554
19 34 1555
19 35 1556
19 36 1557
19 37 1558
19 38 1559
19 39 1560
19 40 1561
19 41 1562
19 42 1563
19 43 1564
19 44 1565
19 45 1566
19 46 1567
19 47 1568
19 48 1569
19 49 1570
19 50 1571
19 51 1572
19 52 1573
19 53 1574
19 54 1575
19 55 1576
19 56 1577
19 57 1578
19 58 1579
19 59 1580
19 60 1581
19 61 1582
19 62 1583
19 63 1584
19 64 1585
19 65 1586
19 66 1587
19 67 1588
19 68 1589
19 69 1590
19 70 1591
19 71 1592
19 72 1593
19 73 1594
19 74 1595
19 75 1596
19 76 1597
19 77 1598
19 78 1599
19 79 1600
20 0 1601
20 1 1602
20 2 1603
20 3 1604
20 4 1605
20 5 1606
20 6 1607
20 7 1608
20 8 1609
20 9 1610
20 10 1611
20 11 1612
20 12 1613
20 13 1614
20 14 1615
20 15 1616
20 16 1617
20 17 1618
20 18 1619
20 19 1620
20 20 1621
20 21 1622
20 22 1623
20 23 1624
20 24 1625
20 25 1626
20 26 1627
20 27 1628
20 28 1629
20 29 1630
20 30 1631
20 31 1632
20 32 1633
20 33 1634
20 34 1635
20 35 1636
20 36 1637
20 37 1638
20 38 1639
20 39 1640
20 40 1641
20 41 1642
20 42 1643
20 43 1644
20 44 1645
20 45 1646
20 46 1647
20 47 1648
20 48 1649
20 49 1650
20 50 1651
20 51 1652
20 52 1653
20 53 1654
20 54 1655
20 55 1656
20 56 1657
20 57 1658
20 58 1659
20 59 1660
20 60 1661
20 61 1662
20 62 1663
20 63 1664
20 64 1665
20 65 1666
20 66 1667
20 67 1668
20 68 1669
20 69 1670
20 70 1671
20 71 1672
20 72 1673
20 73 1674
20 74 1675
20 75 1676
20 76 1677
20 77 1678
20 78 1679
20 79 1680
21 0 1681
21 1 1682
21 2 1683
21 3 1684
21 4 1685
21 5 1686
21 6 1687
21 7 1688
21 8 1689
21 9 1690
21 10 1691
21 11 1692
21 12 1693
21 13 1694
21 14 1695
21 15 1696
21 16 1697
21 17 1698
21 18 1699
21 19 1700
21 20 1701
21 21 1702
21 22 1703
21 23 1704
21 24 1705
21 25 1706
21 26 1707
21 27 1708
21 28 1709
21 29 1710
21 30 1711
21 31 1712
21 32 1713
21 33 1714
21 34 1715
21 35 1716
21 36 1717
21 37 1718
21 38 1719
21 39 1720
21 40 1721
21 41 1722
21 42 1723
21 43 1724
21 44 1725
21 45 1726
21 46 1727
21 47 1728
21 48 1729
21 49 1730
21 50 1731
21 51 1732
21 52 1733
21 53 1734
21 54 1735
21 55 1736
21 56 1737
21 57 1738
21 58 1739
21 59 1740
21 60 1741
21 61 1742
21 62 1743
21 63 1744
21 64 1745
21 65 1746
21 66 1747
21 67 1748
21 68 1749
21 69 1750
21 70 1751
21 71 1752
21 72 1753
21 73 1754
21 74 1755
21 75 1756
21 76 1757
21 77 1758
21 78 1759
21 79 1760
22 0 1761
22 1 1762
22 2 1763
22 3 1764
22 4 1765
22 5 1766
22 6 1767
22 7 1768
22 8 1769
22 9 1770
22 10 1771
22 11 1772
22 12 1773
22 13 1774
22 14 1775
22 15 1776
22 16 1777
22 17 1778
22 18 1779
22 19 1780
22 20 1781
22 21 1782
22 22 1783
22 23 1784
22 24 1785
22 25 1786
22 26 1787
22 27 1788
22 28 1789
22 29 1790
22 30 1791
22 31 1792
22 32 1793
22 33 1794
22 34 1795
22 35 1796
22 36 1797
22 37 1798
22 38 1799
22 39 1800
22 40 1801
22 41 1802
22 42 1803
22 43 1804
22 44 1805
22 45 1806
22 46 1807
22 47 1808
22 48 1809
22 49 1810
22 50 1811
22 51 1812
22 52 1813
22 53 1814
22 54 1815
22 55 1816
22 56 1817
22 57 1818
22 58 1819
22 59 1820
22 60 1821
22 61 1822
22 62 1823
22 63 1824
22 64 1825
22 65 1826
22 66 1827
22 67 1828
22 68 1829
22 69 1830
22 70 1831
22 71 1832
22 72 1833
22 73 1834
22 74 1835
22 75 1836
22 76 1837
22 77 1838
22 78 1839
22 79 1840
23 0 1841
23 1 1842
23 2 1843
23 3 1844
23 4 1845
23 5 1846
23 6 1847
23 7 1848
23 8 1849
23 9 1850
23 10 1851
23 11 1852
23 12 1853
23 13 1854
23 14 1855
23 15 1856
23 16 1857
23 17 1858
23 18 1859
23 19 1860
23 20 1861
23 21 1862
23 22 1863
23 23 1864
23 24 1865
23 25 1866
23 26 1867
23 27 1868
23 28 1869
23 29 1870
23 30 1871
23 31 1872
23 32 1873
23 33 1874
23 34 1875
23 35 1876
23 36 1877
23 37 1878
23 38 1879
23 39 1880
23 40 1881
23 41 1882
23 42 1883
23 43 1884
23 44 1885
23 45 1886
23 46 1887
23 47 1888
23 48 1889
23 49 1890
23 50 1891
23 51 1892
23 52 1893
23 53 1894
23 54 1895
23 55 1896
23 56 1897
23 57 1898
23 58 1899
23 59 1900
23 60 1901
23 61 1902
23 62 1903
23 63 1904
23 64 1905
23 65 1906
23 66 1907
23 67 1908
23 68 1909
23 69 1910
23 70 1911
23 71 1912
23 72 1913
23 73 1914
23 74 1915
23 75 1916
23 76 1917
23 77 1918
23 78 1919
23 79 1920
24 0 1921
24 1 1922
24 2 1923
24 3 1924
24 4 1925
24 5 1926
24 6 1927
24 7 1928
24 8 1929
24 9 1930
24 10 1931
24 11 1932
24 12 1933
24 13 1934
24 14 1935
24 15 1936
24 16 1937
24 17 1938
24 18 1939
24 19 1940
24 20 1941
24 21 1942
24 22 1943
24 23 1944
24 24 1945
24 25 1946
24 26 1947
24 27 1948
24 28 1949
24 29 1950
24 30 1951
24 31 1952
24 32 1953
24 33 1954
24 34 1955
24 35 1956
24 36 1957
24 37 1958
24 38 1959
24 39 1960
24 40 1961
24 41 1962
24 42 1963
24 43 1964
24 44 1965
24 45 1966
24 46 1967
24 47 1968
24 48 1969
24 49 1970
24 50 1971
24 51 1972
24 52 1973
24 53 1974
24 54 1975
24 55 1976
24 56 1977
24 57 1978
24 58 1979
24 59 1980
24 60 1981
24 61 1982
24 62 1983
24 63 1984
24 64 1985
24 65 1986
24 66 1987
24 67 1988
24 68 1989
24 69 1990
24 70 1991
24 71 1992
24 72 1993
24 73 1994
24 74 1995
24 75 1996
24 76 1997
24 77 1998
24 78 1999
24 79 2000
25 0 2001
25 1 2002
25 2 2003
25 3 2004
25 4 2005
25 5 2006
25 6 2007
25 7 2008
25 8 2009
25 9 2010
25 10 2011
25 11 2012
25 12 2013
25 13 2014
25 14 2015
25 15 2016
25 16 2017
25 17 2018
25 18 2019
25 19 2020
25 20 2021
25 21 2022
25 22 2023
25 23 2024
25 24 2025
25 25 2026
25 26 2027
25 27 2028
25 28 2029
25 29 2030
25 30 2031
25 31 2032
25 32 2033
25 33 2034
25 34 2035
25 35 2036
25 36 2037
25 37 2038
25 38 2039
25 39 2040
25 40 2041
25 41 2042
25 42 2043
25 43 2044
25 44 2045
25 45 2046
25 46 2047
25 47 2048
25 48 2049
25 49 2050
25 50 2051
25 51 2052
25 52 2053
25 53 2054
25 54 2055
25 55 2056
25 56 2057
25 57 2058
25 58 2059
25 59 2060
25 60 2061
25 61 2062
25 62 2063
25 63 2064
25 64 2065
25 65 2066
25 66 2067
25 67 2068
25 68 2069
25 69 2070
25 70 2071
25 71 2072
25 72 2073
25 73 2074
25 74 2075
25 75 2076
25 76 2077
25 77 2078
25 78 2079
25 79 2080
26 0 2081
26 1 2082
26 2 2083
26 3 2084
26 4 2085
26 5 2086
26 6 2087
26 7 2088
26 8 2089
26 9 2090
26 10 2091
26 11 2092
26 12 2093
26 13 2094
26 14 2095
26 15 2096
26 16 2097
26 17 2098
26 18 2099
26 19 2100
26 20 2101
26 21 2102
26 22 2103
26 23 2104
26 24 2105
26 25 2106
26 26 2107
26 27 2108
26 28 2109
26 29 2110
26 30 2111
26 31 2112
26 32 2113
26 33 2114
26 34 2115
26 35 2116
26 36 2117
26 37 2118
26 38 2119
26 39 2120
26 40 2121
26 41 2122
26 42 2123
26 43 2124
26 44 2125
26 45 2126
26 46 2127
26 47 2128
26 48 2129
26 49 2130
26 50 2131
26 51 2132
26 52 2133
26 53 2134
26 54 2135
26 55 2136
26 56 2137
26 57 2138
26 58 2139
26 59 2140
26 60 2141
26 61 2142
26 62 2143
26 63 2144
26 64 2145
26 65 2146
26 66 2147
26 67 2148
26 68 2149
26 69 2150
26 70 2151
26 71 2152
26 72 2153
26 73 2154
26 74 2155
26 75 2156
26 76 2157
26 77 2158
26 78 2159
26 79 2160
27 0 2161
27 1 2162
27 2 2163
27 3 2164
27 4 2165
27 5 2166
27 6 2167
27 7 2168
27 8 2169
27 9 2170
27 10 2171
27 11 2172
27 12 2173
27 13 2174
27 14 2175
27 15 2176
27 16 2177
27 17 2178
27 18 2179
27 19 2180
27 20 2181
27 21 2182
27 22 2183
27 23 2184
27 24 2185
27 25 2186
27 26 2187
27 27 2188
27 28 2189
27 29 2190
27 30 2191
27 31 2192
27 32 2193
27 33 2194
27 34 2195
27 35 2196
27 36 2197
27 37 2198
27 38 2199
27 39 2200
27 40 2201
27 41 2202
27 42 2203
27 43 2204
27 44 2205
27 45 2206
27 46 2207
27 47 2208
27 48 2209
27 49 2210
27 50 2211
27 51 2212
27 52 2213
27 53 2214
27 54 2215
27 55 2216
27 56 2217
27 57 2218
27 58 2219
27 59 2220
27 60 2221
27 61 2222
27 62 2223
27 63 2224
27 64 2225
27 65 2226
27 66 2227
27 67 2228
27 68 2229
27 69 2230
27 70 2231
27 71 2232
27 72 2233
27 73 2234
27 74 2235
27 75 2236
27 76 2237
27 77 2238
27 78 2239
27 79 2240
28 0 2241
28 1 2242
28 2 2243
28 3 2244
28 4 2245
28 5 2246
28 6 2247
28 7 2248
28 8 2249
28 9 2250
28 10 2251
28 11 2252
28 12 2253
28 13 2254
28 14 2255
28 15 2256
28 16 2257
28 17 2258
28 18 2259
28 19 2260
28 20 2261
28 21 2262
28 22 2263
28 23 2264
28 24 2265
28 25 2266
28 26 2267
28 27 2268
28 28 2269
28 29 2270
28 30 2271
28 31 2272
28 32 2273
28 33 2274
28 34 2275
28 35 2276
28 36 2277
28 37 2278
28 38 2279
28 39 2280
28 40 2281
28 41 2282
28 42 2283
28 43 2284
28 44 2285
28 45 2286
28 46 2287
28 47 2288
28 48 2289
28 49 2290
28 50 2291
28 51 2292
28 52 2293
28 53 2294
28 54 2295
28 55 2296
28 56 2297
28 57 2298
28 58 2299
28 59 2300
28 60 2301
28 61 2302
28 62 2303
28 63 2304
28 64 2305
28 65 2306
28 66 2307
28 67 2308
28 68 2309
28 69 2310
28 70 2311
28 71 2312
28 72 2313
28 73 2314
28 74 2315
28 75 2316
28 76 2317
28 77 2318
28 78 2319
28 79 2320
29 0 2321
29 1 2322
29 2 2323
29 3 2324
29 4 2325
29 5 2326
29 6 2327
29 7 2328
29 8 2329
29 9 2330
29 10 2331
29 11 2332
29 12 2333
29 13 2334
29 14 2335
29 15 2336
29 16 2337
29 17 2338
29 18 2339
29 19 2340
29 20 2341
29 21 2342
29 22 2343
29 23 2344
29 24 2345
29 25 2346
29 26 2347
29 27 2348
29 28 2349
29 29 2350
29 30 2351
29 31 2352
29 32 2353
29 33 2354
29 34 2355
29 35 2356
29 36 2357
29 37 2358
29 38 2359
29 39 2360
29 40 2361
29 41 2362
29 42 2363
29 43 2364
29 44 2365
29 45 2366
29 46 2367
29 47 2368
29 48 2369
29 49 2370
29 50 2371
29 51 2372
29 52 2373
29 53 2374
29 54 2375
29 55 2376
29 56 2377
29 57 2378
29 58 2379
29 59 2380
29 60 2381
29 61 2382
29 62 2383
29 63 2384
29 64 2385
29 65 2386
29 66 2387
29 67 2388
29 68 2389
29 69 2390
29 70 2391
29 71 2392
29 72 2393
29 73 2394
29 74 2395
29 75 2396
29 76 2397
29 77 2398
29 78 2399
29 79 2400
30 0 2401
30 1 2402
30 2 2403
30 3 2404
30 4 2405
30 5 2406
30 6 2407
30 7 2408
30 8 2409
30 9 2410
30 10 2411
30 11 2412
30 12 2413
30 13 2414
30 14 2415
30 15 2416
30 16 2417
30 17 2418
30 18 2419
30 19 2420
30 20 2421
30 21 2422
30 22 2423
30 23 2424
30 24 2425
30 25 2426
30 26 2427
30 27 2428
30 28 2429
30 29 2430
30 30 2431
30 31 2432
30 32 2433
30 33 2434
30 34 2435
30 35 2436
30 36 2437
30 37 2438
30 38 2439
30 39 2440
30 40 2441
30 41 2442
30 42 2443
30 43 2444
30 44 2445
30 45 2446
30 46 2447
30 47 2448
30 48 2449
30 49 2450
30 50 2451
30 51 2452
30 52 2453
30 53 2454
30 54 2455
30 55 2456
30 56 2457
30 57 2458
30 58 2459
30 59 2460
30 60 2461
30 61 2462
30 62 2463
30 63 2464
30 64 2465
30 65 2466
30 66 2467
30 67 2468
30 68 2469
30 69 2470
30 70 2471
30 71 2472
30 72 2473
30 73 2474
30 74 2475
30 75 2476
30 76 2477
30 77 2478
30 78 2479
30 79 2480
31 0 2481
31 1 2482
31 2 2483
31 3 2484
31 4 2485
31 5 2486
31 6 2487
31 7 2488
31 8 2489
31 9 2490
31 10 2491
31 11 2492
31 12 2493
31 13 2494
31 14 2495
31 15 2496
31 16 2497
31 17 2498
31 18 2499
31 19 2500
31 20 2501
31 21 2502
31 22 2503
31 23 2504
31 24 2505
31 25 2506
31 26 2507
31 27 2508
31 28 2509
31 29 2510
31 30 2511
31 31 2512
31 32 2513
31 33 2514
31 34 2515
31 35 2516
31 36 2517
31 37 2518
31 38 2519
31 39 2520
31 40 2521
31 41 2522
31 42 2523
31 43 2524
31 44 2525
31 45 2526
31 46 2527
31 47 2528
31 48 2529
31 49 2530
31 50 2531
31 51 2532
31 52 2533
31 53 2534
31 54 2535
31 55 2536
31 56 2537
31 57 2538
31 58 2539
31 59 2540
31 60 2541
31 61 2542
31 62 2543
31 63 2544
31 64 2545
31 65 2546
31 66 2547
31 67 2548
31 68 2549
31 69 2550
31 70 2551
31 71 2552
31 72 2553
31 73 2554
31 74 2555
31 75 2556
31 76 2557
31 77 2558
31 78 2559
31 79 2560
32 0 2561
32 1 2562
32 2 2563
32 3 2564
32 4 2565
32 5 2566
32 6 2567
32 7 2568
32 8 2569
32 9 2570
32 10 2571
32 11 2572
32 12 2573
32 13 2574
32 14 2575
32 15 2576
32 16 2577
32 17 2578
32 18 2579
32 19 2580
32 20 2581
32 21 2582
32 22 2583
32 23 2584
32 24 2585
32 25 2586
32 26 2587
32 27 2588
32 28 2589
32 29 2590
32 30 2591
32 31 2592
32 32 2593
32 33 2594
32 34 2595
32 35 2596
32 36 2597
32 37 2598
32 38 2599
32 39 2600
32 40 2601
32 41 2602
32 42 2603
32 43 2604
32 44 2605
32 45 2606
32 46 2607
32 47 2608
32 48 2609
32 49 2610
32 50 2611
32 51 2612
32 52 2613
32 53 2614
32 54 2615
32 55 2616
32 56 2617
32 57 2618
32 58 2619
32 59 2620
32 60 2621
32 61 2622
32 62 2623
32 63 2624
32 64 2625
32 65 2626
32 66 2627
32 67 2628
32 68 2629
32 69 2630
32 70 2631
32 71 2632
32 72 2633
32 73 2634
32 74 2635
32 75 2636
32 76 2637
32 77 2638
32 78 2639
32 79 2640
33 0 2641
33 1 2642
33 2 2643
33 3 2644
33 4 2645
33 5 2646
33 6 2647
33 7 2648
33 8 2649
33 9 2650
33 10 2651
33 11 2652
33 12 2653
33 13 2654
33 14 2655
33 15 2656
33 16 2657
33 17 2658
33 18 2659
33 19 2660
33 20 2661
33 21 2662
33 22 2663
33 23 2664
33 24 2665
33 25 2666
33 26 2667
33 27 2668
33 28 2669
33 29 2670
33 30 2671
33 31 2672
33 32 2673
33 33 2674
33 34 2675
33 35 2676
33 36 2677
33 37 2678
33 38 2679
33 39 2680
33 40 2681
33 41 2682
33 42 2683
33 43 2684
33 44 2685
33 45 2686
33 46 2687
33 47 2688
33 48 2689
33 49 2690
33 50 2691
33 51 2692
33 52 2693
33 53 2694
33 54 2695
33 55 2696
33 56 2697
33 57 2698
33 58 2699
33 59 2700
33 60 2701
33 61 2702
33 62 2703
33 63 2704
33 64 2705
33 65 2706
33 66 2707
33 67 2708
33 68 2709
33 69 2710
33 70 2711
33 71 2712
33 72 2713
33 73 2714
33 74 2715
33 75 2716
33 76 2717
33 77 2718
33 78 2719
33 79 2720
34 0 2721
34 1 2722
34 2 2723
34 3 2724
34 4 2725
34 5 2726
34 6 2727
34 7 2728
34 8 2729
34 9 2730
34 10 2731
34 11 2732
34 12 2733
34 13 2734
34 14 2735
34 15 2736
34 16 2737
34 17 2738
34 18 2739
34 19 2740
34 20 2741
34 21 2742
34 22 2743
34 23 2744
34 24 2745
34 25 2746
34 26 2747
34 27 2748
34 28 2749
34 29 2750
34 30 2751
34 31 2752
34 32 2753
34 33 2754
34 34 2755
34 35 2756
34 36 2757
34 37 2758
34 38 2759
34 39 2760
34 40 2761
34 41 2762
34 42 2763
34 43 2764
34 44 2765
34 45 2766
34 46 2767
34 47 2768
34 48 2769
34 49 2770
34 50 2771
34 51 2772
34 52 2773
34 53 2774
34 54 2775
34 55 2776
34 56 2777
34 57 2778
34 58 2779
34 59 2780
34 60 2781
34 61 2782
34 62 2783
34 63 2784
34 64 2785
34 65 2786
34 66 2787
34 67 2788
34 68 2789
34 69 2790
34 70 2791
34 71 2792
34 72 2793
34 73 2794
34 74 2795
34 75 2796
34 76 2797
34 77 2798
34 78 2799
34 79 2800
35 0 2801
35 1 2802
35 2 2803
35 3 2804
35 4 2805
35 5 2806
35 6 2807
35 7 2808
35 8 2809
35 9 2810
35 10 2811
35 11 2812
35 12 2813
35 13 2814
35 14 2815
35 15 2816
35 16 2817
35 17 2818
35 18 2819
35 19 2820
35 20 2821
35 21 2822
35 22 2823
35 23 2824
35 24 2825
35 25 2826
35 26 2827
35 27 2828
35 28 2829
35 29 2830
35 30 2831
35 31 2832
35 32 2833
35 33 2834
35 34 2835
35 35 2836
35 36 2837
35 37 2838
35 38 2839
35 39 2840
35 40 2841
35 41 2842
35 42 2843
35 43 2844
35 44 2845
35 45 2846
35 46 2847
35 47 2848
35 48 2849
35 49 2850
35 50 2851
35 51 2852
35 52 2853
35 53 2854
35 54 2855
35 55 2856
35 56 2857
35 57 2858
35 58 2859
35 59 2860
35 60 2861
35 61 2862
35 62 2863
35 63 2864
35 64 2865
35 65 2866
35 66 2867
35 67 2868
35 68 2869
35 69 2870
35 70 2871
35 71 2872
35 72 2873
35 73 2874
35 74 2875
35 75 2876
35 76 2877
35 77 2878
35 78 2879
35 79 2880
36 0 2881
36 1 2882
36 2 2883
36 3 2884
36 4 2885
36 5 2886
36 6 2887
36 7 2888
36 8 2889
36 9 2890
36 10 2891
36 11 2892
36 12 2893
36 13 2894
36 14 2895
36 15 2896
36 16 2897
36 17 2898
36 18 2899
36 19 2900
36 20 2901
36 21 2902
36 22 2903
36 23 2904
36 24 2905
36 25 2906
36 26 2907
36 27 2908
36 28 2909
36 29 2910
36 30 2911
36 31 2912
36 32 2913
36 33 2914
36 34 2915
36 35 2916
36 36 2917
36 37 2918
36 38 2919
36 39 2920
36 40 2921
36 41 2922
36 42 2923
36 43 2924
36 44 2925
36 45 2926
36 46 2927
36 47 2928
36 48 2929
36 49 2930
36 50 2931
36 51 2932
36 52 2933
36 53 2934
36 54 2935
36 55 2936
36 56 2937
36 57 2938
36 58 2939
36 59 2940
36 60 2941
36 61 2942
36 62 2943
36 63 2944
36 64 2945
36 65 2946
36 66 2947
36 67 2948
36 68 2949
36 69 2950
36 70 2951
36 71 2952
36 72 2953
36 73 2954
36 74 2955
36 75 2956
36 76 2957
36 77 2958
36 78 2959
36 79 2960
37 0 2961
37 1 2962
37 2 2963
37 3 2964
37 4 2965
37 5 2966
37 6 2967
37 7 2968
37 8 2969
37 9 2970
37 10 2971
37 11 2972
37 12 2973
37 13 2974
37 14 2975
37 15 2976
37 16 2977
37 17 2978
37 18 2979
37 19 2980
37 20 2981
37 21 2982
37 22 2983
37 23 2984
37 24 2985
37 25 2986
37 26 2987
37 27 2988
37 28 2989
37 29 2990
37 30 2991
37 31 2992
37 32 2993
37 33 2994
37 34 2995
37 35 2996
37 36 2997
37 37 2998
37 38 2999
37 39 3000
37 40 3001
37 41 3002
37 42 3003
37 43 3004
37 44 3005
37 45 3006
37 46 3007
37 47 3008
37 48 3009
37 49 3010
37 50 3011
37 51 3012
37 52 3013
37 53 3014
37 54 3015
37 55 3016
37 56 3017
37 57 3018
37 58 3019
37 59 3020
37 60 3021
37 61 3022
37 62 3023
37 63 3024
37 64 3025
37 65 3026
37 66 3027
37 67 3028
37 68 3029
37 69 3030
37 70 3031
37 71 3032
37 72 3033
37 73 3034
37 74 3035
37 75 3036
37 76 3037
37 77 3038
37 78 3039
37 79 3040
38 0 3041
38 1 3042
38 2 3043
38 3 3044
38 4 3045
38 5 3046
38 6 3047
38 7 3048
38 8 3049
38 9 3050
38 10 3051
38 11 3052
38 12 3053
38 13 3054
38 14 3055
38 15 3056
38 16 3057
38 17 3058
38 18 3059
38 19 3060
38 20 3061
38 21 3062
38 22 3063
38 23 3064
38 24 3065
38 25 3066
38 26 3067
38 27 3068
38 28 3069
38 29 3070
38 30 3071
38 31 3072
38 32 3073
38 33 3074
38 34 3075
38 35 3076
38 36 3077
38 37 3078
38 38 3079
38 39 3080
38 40 3081
38 41 3082
38 42 3083
38 43 3084
38 44 3085
38 45 3086
38 46 3087
38 47 3088
38 48 3089
38 49 3090
38 50 3091
38 51 3092
38 52 3093
38 53 3094
38 54 3095
38 55 3096
38 56 3097
38 57 3098
38 58 3099
38 59 3100
38 60 3101
38 61 3102
38 62 3103
38 63 3104
38 64 3105
38 65 3106
38 66 3107
38 67 3108
38 68 3109
38 69 3110
38 70 3111
38 71 3112
38 72 3113
38 73 3114
38 74 3115
38 75 3116
38 76 3117
38 77 3118
38 78 3119
38 79 3120
39 0 3121
39 1 3122
39 2 3123
39 3 3124
39 4 3125
39 5 3126
39 6 3127
39 7 3128
39 8 3129
39 9 3130
39 10 3131
39 11 3132
39 12 3133
39 13 3134
39 14 3135
39 15 3136
39 16 3137
39 17 3138
39 18 3139
39 19 3140
39 20 3141
39 21 3142
39 22 3143
39 23 3144
39 24 3145
39 25 3146
39 26 3147
39 27 3148
39 28 3149
39 29 3150
39 30 3151
39 31 3152
39 32 3153
39 33 3154
39 34 3155
39 35 3156
39 36 3157
39 37 3158
39 38 3159
39 39 3160
39 40 3161
39 41 3162
39 42 3163
39 43 3164
39 44 3165
39 45 3166
39 46 3167
39 47 3168
39 48 3169
39 49 3170
39 50 3171
39 51 3172
39 52 3173
39 53 3174
39 54 3175
39 55 3176
39 56 3177
39 57 3178
39 58 3179
39 59 3180
39 60 3181
39 61 3182
39 62 3183
39 63 3184
39 64 3185
39 65 3186
39 66 3187
39 67 3188
39 68 3189
39 69 3190
39 70 3191
39 71 3192
39 72 3193
39 73 3194
39 74 3195
39 75 3196
39 76 3197
39 77 3198
39 78 3199
39 79 3200
40 0 3201
40 1 3202
40 2 3203
40 3 3204
40 4 3205
40 5 3206
40 6 3207
40 7 3208
40 8 3209
40 9 3210
40 10 3211
40 11 3212
40 12 3213
40 13 3214
40 14 3215
40 15 3216
40 16 3217
40 17 3218
40 18 3219
40 19 3220
40 20 3221
40 21 3222
40 22 3223
40 23 3224
40 24 3225
40 25 3226
40 26 3227
40 27 3228
40 28 3229
40 29 3230
40 30 3231
40 31 3232
40 32 3233
40 33 3234
40 34 3235
40 35 3236
40 36 3237
40 37 3238
40 38 3239
40 39 3240
40 40 3241
40 41 3242
40 42 3243
40 43 3244
40 44 3245
40 45 3246
40 46 3247
40 47 3248
40 48 3249
40 49 3250
40 50 3251
40 51 3252
40 52 3253
40 53 3254
40 54 3255
40 55 3256
40 56 3257
40 57 3258
40 58 3259
40 59 3260
40 60 3261
40 61 3262
40 62 3263
40 63 3264
40 64 3265
40 65 3266
40 66 3267
40 67 3268
40 68 3269
40 69 3270
40 70 3271
40 71 3272
40 72 3273
40 73 3274
40 74 3275
40 75 3276
40 76 3277
40 77 3278
40 78 3279
40 79 3280
41 0 3281
41 1 3282
41 2 3283
41 3 3284
41 4 3285
41 5 3286
41 6 3287
41 7 3288
41 8 3289
41 9 3290
41 10 3291
41 11 3292
41 12 3293
41 13 3294
41 14 3295
41 15 3296
41 16 3297
41 17 3298
41 18 3299
41 19 3300
41 20 3301
41 21 3302
41 22 3303
41 23 3304
41 24 3305
41 25 3306
41 26 3307
41 27 3308
41 28 3309
41 29 3310
41 30 3311
41 31 3312
41 32 3313
41 33 3314
41 34 3315
41 35 3316
41 36 3317
41 37 3318
41 38 3319
41 39 3320
41 40 3321
41 41 3322
41 42 3323
41 43 3324
41 44 3325
41 45 3326
41 46 3327
41 47 3328
41 48 3329
41 49 3330
41 50 3331
41 51 3332
41 52 3333
41 53 3334
41 54 3335
41 55 3336
41 56 3337
41 57 3338
41 58 3339
41 59 3340
41 60 3341
41 61 3342
41 62 3343
41 63 3344
41 64 3345
41 65 3346
41 66 3347
41 67 3348
41 68 3349
41 69 3350
41 70 3351
41 71 3352
41 72 3353
41 73 3354
41 74 3355
41 75 3356
41 76 3357
41 77 3358
41 78 3359
41 79 3360
42 0 3361
42 1 3362
42 2 3363
42 3 3364
42 4 3365
42 5 3366
42 6 3367
42 7 3368
42 8 3369
42 9 3370
42 10 3371
42 11 3372
42 12 3373
42 13 3374
42 14 3375
42 15 3376
42 16 3377
42 17 3378
42 18 3379
42 19 3380
42 20 3381
42 21 3382
42 22 3383
42 23 3384
42 24 3385
42 25 3386
42 26 3387
42 27 3388
42 28 3389
42 29 3390
42 30 3391
42 31 3392
42 32 3393
42 33 3394
42 34 3395
42 35 3396
42 36 3397
42 37 3398
42 38 3399
42 39 3400
42 40 3401
42 41 3402
42 42 3403
42 43 3404
42 44 3405
42 45 3406
42 46 3407
42 47 3408
42 48 3409
42 49 3410
42 50 3411
42 51 3412
42 52 3413
42 53 3414
42 54 3415
42 55 3416
42 56 3417
42 57 3418
42 58 3419
42 59 3420
42 60 3421
42 61 3422
42 62 3423
42 63 3424
42 64 3425
42 65 3426
42 66 3427
42 67 3428
42 68 3429
42 69 3430
42 70 3431
42 71 3432
42 72 3433
42 73 3434
42 74 3435
42 75 3436
42 76 3437
42 77 3438
42 78 3439
42 79 3440
43 0 3441
43 1 3442
43 2 3443
43 3 3444
43 4 3445
43 5 3446
43 6 3447
43 7 3448
43 8 3449
43 9 3450
43 10 3451
43 11 3452
43 12 3453
43 13 3454
43 14 3455
43 15 3456
43 16 3457
43 17 3458
43 18 3459
43 19 3460
43 20 3461
43 21 3462
43 22 3463
43 23 3464
43 24 3465
43 25 3466
43 26 3467
43 27 3468
43 28 3469
43 29 3470
43 30 3471
43 31 3472
43 32 3473
43 33 3474
43 34 3475
43 35 3476
43 36 3477
43 37 3478
43 38 3479
43 39 3480
43 40 3481
43 41 3482
43 42 3483
43 43 3484
43 44 3485
43 45 3486
43 46 3487
43 47 3488
43 48 3489
43 49 3490
43 50 3491
43 51 3492
43 52 3493
43 53 3494
43 54 3495
43 55 3496
43 56 3497
43 57 3498
43 58 3499
43 59 3500
43 60 3501
43 61 3502
43 62 3503
43 63 3504
43 64 3505
43 65 3506
43 66 3507
43 67 3508
43 68 3509
43 69 3510
43 70 3511
43 71 3512
43 72 3513
43 73 3514
43 74 3515
43 75 3516
43 76 3517
43 77 3518
43 78 3519
43 79 3520
44 0 3521
44 1 3522
44 2 3523
44 3 3524
44 4 3525
44 5 3526
44 6 3527
44 7 3528
44 8 3529
44 9 3530
44 10 3531
44 11 3532
44 12 3533
44 13 3534
44 14 3535
44 15 3536
44 16 3537
44 17 3538
44 18 3539
44 19 3540
44 20 3541
44 21 3542
44 22 3543
44 23 3544
44 24 3545
44 25 3546
44 26 3547
44 27 3548
44 28 3549
44 29 3550
44 30 3551
44 31 3552
44 32 3553
44 33 3554
44 34 3555
44 35 3556
44 36 3557
44 37 3558
44 38 3559
44 39 3560
44 40 3561
44 41 3562
44 42 3563
44 43 3564
44 44 3565
44 45 3566
44 46 3567
44 47 3568
44 48 3569
44 49 3570
44 50 3571
44 51 3572
44 52 3573
44 53 3574
44 54 3575
44 55 3576
44 56 3577
44 57 3578
44 58 3579
44 59 3580
44 60 3581
44 61 3582
44 62 3583
44 63 3584
44 64 3585
44 65 3586
44 66 3587
44 67 3588
44 68 3589
44 69 3590
44 70 3591
44 71 3592
44 72 3593
44 73 3594
44 74 3595
44 75 3596
44 76 3597
44 77 3598
44 78 3599
44 79 3600
45 0 3601
45 1 3602
45 2 3603
45 3 3604
45 4 3605
45 5 3606
45 6 3607
45 7 3608
45 8 3609
45 9 3610
45 10 3611
45 11 3612
45 12 3613
45 13 3614
45 14 3615
45 15 3616
45 16 3617
45 17 3618
45 18 3619
45 19 3620
45 20 3621
45 21 3622
45 22 3623
45 23 3624
45 24 3625
45 25 3626
45 26 3627
45 27 3628
45 28 3629
45 29 3630
45 30 3631
45 31 3632
45 32 3633
45 33 3634
45 34 3635
45 35 3636
45 36 3637
45 37 3638
45 38 3639
45 39 3640
45 40 3641
45 41 3642
45 42 3643
45 43 3644
45 44 3645
45 45 3646
45 46 3647
45 47 3648
45 48 3649
45 49 3650
45 50 3651
45 51 3652
45 52 3653
45 53 3654
45 54 3655
45 55 3656
45 56 3657
45 57 3658
45 58 3659
45 59 3660
45 60 3661
45 61 3662
45 62 3663
45 63 3664
45 64 3665
45 65 3666
45 66 3667
45 67 3668
45 68 3669
45 69 3670
45 70 3671
45 71 3672
45 72 3673
45 73 3674
45 74 3675
45 75 3676
45 76 3677
45 77 3678
45 78 3679
45 79 3680
46 0 3681
46 1 3682
46 2 3683
46 3 3684
46 4 3685
46 5 3686
46 6 3687
46 7 3688
46 8 3689
46 9 3690
46 10 3691
46 11 3692
46 12 3693
46 13 3694
46 14 3695
46 15 3696
46 16 3697
46 17 3698
46 18 3699
46 19 3700
46 20 3701
46 21 3702
46 22 3703
46 23 3704
46 24 3705
46 25 3706
46 26 3707
46 27 3708
46 28 3709
46 29 3710
46 30 3711
46 31 3712
46 32 3713
46 33 3714
46 34 3715
46 35 3716
46 36 3717
46 37 3718
46 38 3719
46 39 3720
46 40 3721
46 41 3722
46 42 3723
46 43 3724
46 44 3725
46 45 3726
46 46 3727
46 47 3728
46 48 3729
46 49 3730
46 50 3731
46 51 3732
46 52 3733
46 53 3734
46 54 3735
46 55 3736
46 56 3737
46 57 3738
46 58 3739
46 59 3740
46 60 3741
46 61 3742
46 62 3743
46 63 3744
46 64 3745
46 65 3746
46 66 3747
46 67 3748
46 68 3749
46 69 3750
46 70 3751
46 71 3752
46 72 3753
46 73 3754
46 74 3755
46 75 3756
46 76 3757
46 77 3758
46 78 3759
46 79 3760
47 0 3761
47 1 3762
47 2 3763
47 3 3764
47 4 3765
47 5 3766
47 6 3767
47 7 3768
47 8 3769
47 9 3770
47 10 3771
47 11 3772
47 12 3773
47 13 3774
47 14 3775
47 15 3776
47 16 3777
47 17 3778
47 18 3779
47 19 3780
47 20 3781
47 21 3782
47 22 3783
47 23 3784
47 24 3785
47 25 3786
47 26 3787
47 27 3788
47 28 3789
47 29 3790
47 30 3791
47 31 3792
47 32 3793
47 33 3794
47 34 3795
47 35 3796
47 36 3797
47 37 3798
47 38 3799
47 39 3800
47 40 3801
47 41 3802
47 42 3803
47 43 3804
47 44 3805
47 45 3806
47 46 3807
47 47 3808
47 48 3809
47 49 3810
47 50 3811
47 51 3812
47 52 3813
47 53 3814
47 54 3815
47 55 3816
47 56 3817
47 57 3818
47 58 3819
47 59 3820
47 60 3821
47 61 3822
47 62 3823
47 63 3824
47 64 3825
47 65 3826
47 66 3827
47 67 3828
47 68 3829
47 69 3830
47 70 3831
47 71 3832
47 72 3833
47 73 3834
47 74 3835
47 75 3836
47 76 3837
47 77 3838
47 78 3839
47 79 3840
48 0 3841
48 1 3842
48 2 3843
48 3 3844
48 4 3845
48 5 3846
48 6 3847
48 7 3848
48 8 3849
48 9 3850
48 10 3851
48 11 3852
48 12 3853
48 13 3854
48 14 3855
48 15 3856
48 16 3857
48 17 3858
48 18 3859
48 19 3860
48 20 3861
48 21 3862
48 22 3863
48 23 3864
48 24 3865
48 25 3866
48 26 3867
48 27 3868
48 28 3869
48 29 3870
48 30 3871
48 31 3872
48 32 3873
48 33 3874
48 34 3875
48 35 3876
48 36 3877
48 37 3878
48 38 3879
48 39 3880
48 40 3881
48 41 3882
48 42 3883
48 43 3884
48 44 3885
48 45 3886
48 46 3887
48 47 3888
48 48 3889
48 49 3890
48 50 3891
48 51 3892
48 52 3893
48 53 3894
48 54 3895
48 55 3896
48 56 3897
48 57 3898
48 58 3899
48 59 3900
48 60 3901
48 61 3902
48 62 3903
48 63 3904
48 64 3905
48 65 3906
48 66 3907
48 67 3908
48 68 3909
48 69 3910
48 70 3911
48 71 3912
48 72 3913
48 73 3914
48 74 3915
48 75 3916
48 76 3917
48 77 3918
48 78 3919
48 79 3920
49 0 3921
49 1 3922
49 2 3923
49 3 3924
49 4 3925
49 5 3926
49 6 3927
49 7 3928
49 8 3929
49 9 3930
49 10 3931
49 11 3932
49 12 3933
49 13 3934
49 14 3935
49 15 3936
49 16 3937
49 17 3938
49 18 3939
49 19 3940
49 20 3941
49 21 3942
49 22 3943
49 23 3944
49 24 3945
49 25 3946
49 26 3947
49 27 3948
49 28 3949
49 29 3950
49 30 3951
49 31 3952
49 32 3953
49 33 3954
49 34 3955
49 35 3956
49 36 3957
49 37 3958
49 38 3959
49 39 3960
49 40 3961
49 41 3962
49 42 3963
49 43 3964
49 44 3965
49 45 3966
49 46 3967
49 47 3968
49 48 3969
49 49 3970
49 50 3971
49 51 3972
49 52 3973
49 53 3974
49 54 3975
49 55 3976
49 56 3977
49 57 3978
49 58 3979
49 59 3980
49 60 3981
49 61 3982
49 62 3983
49 63 3984
49 64 3985
49 65 3986
49 66 3987
49 67 3988
49 68 3989
49 69 3990
49 70 3991
49 71 3992
49 72 3993
49 73 3994
49 74 3995
49 75 3996
49 76 3997
49 77 3998
49 78 3999
49 79 4000
50 0 4001
50 1 4002
50 2 4003
50 3 4004
50 4 4005
50 5 4006
50 6 4007
50 7 4008
50 8 4009
50 9 4010
50 10 4011
50 11 4012
50 12 4013
50 13 4014
50 14 4015
50 15 4016
50 16 4017
50 17 4018
50 18 4019
50 19 4020
50 20 4021
50 21 4022
50 22 4023
50 23 4024
50 24 4025
50 25 4026
50 26 4027
50 27 4028
50 28 4029
50 29 4030
50 30 4031
50 31 4032
50 32 4033
50 33 4034
50 34 4035
50 35 4036
50 36 4037
50 37 4038
50 38 4039
50 39 4040
50 40 4041
50 41 4042
50 42 4043
50 43 4044
50 44 4045
50 45 4046
50 46 4047
50 47 4048
50 48 4049
50 49 4050
50 50 4051
50 51 4052
50 52 4053
50 53 4054
50 54 4055
50 55 4056
50 56 4057
50 57 4058
50 58 4059
50 59 4060
50 60 4061
50 61 4062
50 62 4063
50 63 4064
50 64 4065
50 65 4066
50 66 4067
50 67 4068
50 68 4069
50 69 4070
50 70 4071
50 71 4072
50 72 4073
50 73 4074
50 74 4075
50 75 4076
50 76 4077
50 77 4078
50 78 4079
50 79 4080
51 0 4081
51 1 4082
51 2 4083
51 3 4084
51 4 4085
51 5 4086
51 6 4087
51 7 4088
51 8 4089
51 9 4090
51 10 4091
51 11 4092
51 12 4093
51 13 4094
51 14 4095
51 15 4096
51 16 4097
51 17 4098
51 18 4099
51 19 4100
51 20 4101
51 21 4102
51 22 4103
51 23 4104
51 24 4105
51 25 4106
51 26 4107
51 27 4108
51 28 4109
51 29 4110
51 30 4111
51 31 4112
51 32 4113
51 33 4114
51 34 4115
51 35 4116
51 36 4117
51 37 4118
51 38 4119
51 39 4120
51 40 4121
51 41 4122
51 42 4123
51 43 4124
51 44 4125
51 45 4126
51 46 4127
51 47 4128
51 48 4129
51 49 4130
51 50 4131
51 51 4132
51 52 4133
51 53 4134
51 54 4135
51 55 4136
51 56 4137
51 57 4138
51 58 4139
51 59 4140
51 60 4141
51 61 4142
51 62 4143
51 63 4144
51 64 4145
51 65 4146
51 66 4147
51 67 4148
51 68 4149
51 69 4150
51 70 4151
51 71 4152
51 72 4153
51 73 4154
51 74 4155
51 75 4156
51 76 4157
51 77 4158
51 78 4159
51 79 4160
52 0 4161
52 1 4162
52 2 4163
52 3 4164
52 4 4165
52 5 4166
52 6 4167
52 7 4168
52 8 4169
52 9 4170
52 10 4171
52 11 4172
52 12 4173
52 13 4174
52 14 4175
52 15 4176
52 16 4177
52 17 4178
52 18 4179
52 19 4180
52 20 4181
52 21 4182
52 22 4183
52 23 4184
52 24 4185
52 25 4186
52 26 4187
52 27 4188
52 28 4189
52 29 4190
52 30 4191
52 31 4192
52 32 4193
52 33 4194
52 34 4195
52 35 4196
52 36 4197
52 37 4198
52 38 4199
52 39 4200
52 40 4201
52 41 4202
52 42 4203
52 43 4204
52 44 4205
52 45 4206
52 46 4207
52 47 4208
52 48 4209
52 49 4210
52 50 4211
52 51 4212
52 52 4213
52 53 4214
52 54 4215
52 55 4216
52 56 4217
52 57 4218
52 58 4219
52 59 4220
52 60 4221
52 61 4222
52 62 4223
52 63 4224
52 64 4225
52 65 4226
52 66 4227
52 67 4228
52 68 4229
52 69 4230
52 70 4231
52 71 4232
52 72 4233
52 73 4234
52 74 4235
52 75 4236
52 76 4237
52 77 4238
52 78 4239
52 79 4240
53 0 4241
53 1 4242
53 2 4243
53 3 4244
53 4 4245
53 5 4246
53 6 4247
53 7 4248
53 8 4249
53 9 4250
53 10 4251
53 11 4252
53 12 4253
53 13 4254
53 14 4255
53 15 4256
53 16 4257
53 17 4258
53 18 4259
53 19 4260
53 20 4261
53 21 4262
53 22 4263
53 23 4264
53 24 4265
53 25 4266
53 26 4267
53 27 4268
53 28 4269
53 29 4270
53 30 4271
53 31 4272
53 32 4273
53 33 4274
53 34 4275
53 35 4276
53 36 4277
53 37 4278
53 38 4279
53 39 4280
53 40 4281
53 41 4282
53 42 4283
53 43 4284
53 44 4285
53 45 4286
53 46 4287
53 47 4288
53 48 4289
53 49 4290
53 50 4291
53 51 4292
53 52 4293
53 53 4294
53 54 4295
53 55 4296
53 56 4297
53 57 4298
53 58 4299
53 59 4300
53 60 4301
53 61 4302
53 62 4303
53 63 4304
53 64 4305
53 65 4306
53 66 4307
53 67 4308
53 68 4309
53 69 4310
53 70 4311
53 71 4312
53 72 4313
53 73 4314
53 74 4315
53 75 4316
53 76 4317
53 77 4318
53 78 4319
53 79 4320
54 0 4321
54 1 4322
54 2 4323
54 3 4324
54 4 4325
54 5 4326
54 6 4327
54 7 4328
54 8 4329
54 9 4330
54 10 4331
54 11 4332
54 12 4333
54 13 4334
54 14 4335
54 15 4336
54 16 4337
54 17 4338
54 18 4339
54 19 4340
54 20 4341
54 21 4342
54 22 4343
54 23 4344
54 24 4345
54 25 4346
54 26 4347
54 27 4348
54 28 4349
54 29 4350
54 30 4351
54 31 4352
54 32 4353
54 33 4354
54 34 4355
54 35 4356
54 36 4357
54 37 4358
54 38 4359
54 39 4360
54 40 4361
54 41 4362
54 42 4363
54 43 4364
54 44 4365
54 45 4366
54 46 4367
54 47 4368
54 48 4369
54 49 4370
54 50 4371
54 51 4372
54 52 4373
54 53 4374
54 54 4375
54 55 4376
54 56 4377
54 57 4378
54 58 4379
54 59 4380
54 60 4381
54 61 4382
54 62 4383
54 63 4384
54 64 4385
54 65 4386
54 66 4387
54 67 4388
54 68 4389
54 69 4390
54 70 4391
54 71 4392
54 72 4393
54 73 4394
54 74 4395
54 75 4396
54 76 4397
54 77 4398
54 78 4399
54 79 4400
55 0 4401
55 1 4402
55 2 4403
55 3 4404
55 4 4405
55 5 4406
55 6 4407
55 7 4408
55 8 4409
55 9 4410
55 10 4411
55 11 4412
55 12 4413
55 13 4414
55 14 4415
55 15 4416
55 16 4417
55 17 4418
55 18 4419
55 19 4420
55 20 4421
55 21 4422
55 22 4423
55 23 4424
55 24 4425
55 25 4426
55 26 4427
55 27 4428
55 28 4429
55 29 4430
55 30 4431
55 31 4432
55 32 4433
55 33 4434
55 34 4435
55 35 4436
55 36 4437
55 37 4438
55 38 4439
55 39 4440
55 40 4441
55 41 4442
55 42 4443
55 43 4444
55 44 4445
55 45 4446
55 46 4447
55 47 4448
55 48 4449
55 49 4450
55 50 4451
55 51 4452
55 52 4453
55 53 4454
55 54 4455
55 55 4456
55 56 4457
55 57 4458
55 58 4459
55 59 4460
55 60 4461
55 61 4462
55 62 4463
55 63 4464
55 64 4465
55 65 4466
55 66 4467
55 67 4468
55 68 4469
55 69 4470
55 70 4471
55 71 4472
55 72 4473
55 73 4474
55 74 4475
55 75 4476
55 76 4477
55 77 4478
55 78 4479
55 79 4480
56 0 4481
56 1 4482
56 2 4483
56 3 4484
56 4 4485
56 5 4486
56 6 4487
56 7 4488
56 8 4489
56 9 4490
56 10 4491
56 11 4492
56 12 4493
56 13 4494
56 14 4495
56 15 4496
56 16 4497
56 17 4498
56 18 4499
56 19 4500
56 20 4501
56 21 4502
56 22 4503
56 23 4504
56 24 4505
56 25 4506
56 26 4507
56 27 4508
56 28 4509
56 29 4510
56 30 4511
56 31 4512
56 32 4513
56 33 4514
56 34 4515
56 35 4516
56 36 4517
56 37 4518
56 38 4519
56 39 4520
56 40 4521
56 41 4522
56 42 4523
56 43 4524
56 44 4525
56 45 4526
56 46 4527
56 47 4528
56 48 4529
56 49 4530
56 50 4531
56 51 4532
56 52 4533
56 53 4534
56 54 4535
56 55 4536
56 56 4537
56 57 4538
56 58 4539
56 59 4540
56 60 4541
56 61 4542
56 62 4543
56 63 4544
56 64 4545
56 65 4546
56 66 4547
56 67 4548
56 68 4549
56 69 4550
56 70 4551
56 71 4552
56 72 4553
56 73 4554
56 74 4555
56 75 4556
56 76 4557
56 77 4558
56 78 4559
56 79 4560
57 0 4561
57 1 4562
57 2 4563
57 3 4564
57 4 4565
57 5 4566
57 6 4567
57 7 4568
57 8 4569
57 9 4570
57 10 4571
57 11 4572
57 12 4573
57 13 4574
57 14 4575
57 15 4576
57 16 4577
57 17 4578
57 18 4579
57 19 4580
57 20 4581
57 21 4582
57 22 4583
57 23 4584
57 24 4585
57 25 4586
57 26 4587
57 27 4588
57 28 4589
57 29 4590
57 30 4591
57 31 4592
57 32 4593
57 33 4594
57 34 4595
57 35 4596
57 36 4597
57 37 4598
57 38 4599
57 39 4600
57 40 4601
57 41 4602
57 42 4603
57 43 4604
57 44 4605
57 45 4606
57 46 4607
57 47 4608
57 48 4609
57 49 4610
57 50 4611
57 51 4612
57 52 4613
57 53 4614
57 54 4615
57 55 4616
57 56 4617
57 57 4618
57 58 4619
57 59 4620
57 60 4621
57 61 4622
57 62 4623
57 63 4624
57 64 4625
57 65 4626
57 66 4627
57 67 4628
57 68 4629
57 69 4630
57 70 4631
57 71 4632
57 72 4633
57 73 4634
57 74 4635
57 75 4636
57 76 4637
57 77 4638
57 78 4639
57 79 4640
58 0 4641
58 1 4642
58 2 4643
58 3 4644
58 4 4645
58 5 4646
58 6 4647
58 7 4648
58 8 4649
58 9 4650
58 10 4651
58 11 4652
58 12 4653
58 13 4654
58 14 4655
58 15 4656
58 16 4657
58 17 4658
58 18 4659
58 19 4660
58 20 4661
58 21 4662
58 22 4663
58 23 4664
58 24 4665
58 25 4666
58 26 4667
58 27 4668
58 28 4669
58 29 4670
58 30 4671
58 31 4672
58 32 4673
58 33 4674
58 34 4675
58 35 4676
58 36 4677
58 37 4678
58 38 4679
58 39 4680
58 40 4681
58 41 4682
58 42 4683
58 43 4684
58 44 4685
58 45 4686
58 46 4687
58 47 4688
58 48 4689
58 49 4690
58 50 4691
58 51 4692
58 52 4693
58 53 4694
58 54 4695
58 55 4696
58 56 4697
58 57 4698
58 58 4699
58 59 4700
58 60 4701
58 61 4702
58 62 4703
58 63 4704
58 64 4705
58 65 4706
58 66 4707
58 67 4708
58 68 4709
58 69 4710
58 70 4711
58 71 4712
58 72 4713
58 73 4714
58 74 4715
58 75 4716
58 76 4717
58 77 4718
58 78 4719
58 79 4720
59 0 4721
59 1 4722
59 2 4723
59 3 4724
59 4 4725
59 5 4726
59 6 4727
59 7 4728
59 8 4729
59 9 4730
59 10 4731
59 11 4732
59 12 4733
59 13 4734
59 14 4735
59 15 4736
59 16 4737
59 17 4738
59 18 4739
59 19 4740
59 20 4741
59 21 4742
59 22 4743
59 23 4744
59 24 4745
59 25 4746
59 26 4747
59 27 4748
59 28 4749
59 29 4750
59 30 4751
59 31 4752
59 32 4753
59 33 4754
59 34 4755
59 35 4756
59 36 4757
59 37 4758
59 38 4759
59 39 4760
59 40 4761
59 41 4762
59 42 4763
59 43 4764
59 44 4765
59 45 4766
59 46 4767
59 47 4768
59 48 4769
59 49 4770
59 50 4771
59 51 4772
59 52 4773
59 53 4774
59 54 4775
59 55 4776
59 56 4777
59 57 4778
59 58 4779
59 59 4780
59 60 4781
59 61 4782
59 62 4783
59 63 4784
59 64 4785
59 65 4786
59 66 4787
59 67 4788
59 68 4789
59 69 4790
59 70 4791
59 71 4792
59 72 4793
59 73 4794
59 74 4795
59 75 4796
59 76 4797
59 77 4798
59 78 4799
59 79 4800
60 0 4801
60 1 4802
60 2 4803
60 3 4804
60 4 4805
60 5 4806
60 6 4807
60 7 4808
60 8 4809
60 9 4810
60 10 4811
60 11 4812
60 12 4813
60 13 4814
60 14 4815
60 15 4816
60 16 4817
60 17 4818
60 18 4819
60 19 4820
60 20 4821
60 21 4822
60 22 4823
60 23 4824
60 24 4825
60 25 4826
60 26 4827
60 27 4828
60 28 4829
60 29 4830
60 30 4831
60 31 4832
60 32 4833
60 33 4834
60 34 4835
60 35 4836
60 36 4837
60 37 4838
60 38 4839
60 39 4840
60 40 4841
60 41 4842
60 42 4843
60 43 4844
60 44 4845
60 45 4846
60 46 4847
60 47 4848
60 48 4849
60 49 4850
60 50 4851
60 51 4852
60 52 4853
60 53 4854
60 54 4855
60 55 4856
60 56 4857
60 57 4858
60 58 4859
60 59 4860
60 60 4861
60 61 4862
60 62 4863
60 63 4864
60 64 4865
60 65 4866
60 66 4867
60 67 4868
60 68 4869
60 69 4870
60 70 4871
60 71 4872
60 72 4873
60 73 4874
60 74 4875
60 75 4876
60 76 4877
60 77 4878
60 78 4879
60 79 4880
61 0 4881
61 1 4882
61 2 4883
61 3 4884
61 4 4885
61 5 4886
61 6 4887
61 7 4888
61 8 4889
61 9 4890
61 10 4891
61 11 4892
61 12 4893
61 13 4894
61 14 4895
61 15 4896
61 16 4897
61 17 4898
61 18 4899
61 19 4900
61 20 4901
61 21 4902
61 22 4903
61 23 4904
61 24 4905
61 25 4906
61 26 4907
61 27 4908
61 28 4909
61 29 4910
61 30 4911
61 31 4912
61 32 4913
61 33 4914
61 34 4915
61 35 4916
61 36 4917
61 37 4918
61 38 4919
61 39 4920
61 40 4921
61 41 4922
61 42 4923
61 43 4924
61 44 4925
61 45 4926
61 46 4927
61 47 4928
61 48 4929
61 49 4930
61 50 4931
61 51 4932
61 52 4933
61 53 4934
61 54 4935
61 55 4936
61 56 4937
61 57 4938
61 58 4939
61 59 4940
61 60 4941
61 61 4942
61 62 4943
61 63 4944
61 64 4945
61 65 4946
61 66 4947
61 67 4948
61 68 4949
61 69 4950
61 70 4951
61 71 4952
61 72 4953
61 73 4954
61 74 4955
61 75 4956
61 76 4957
61 77 4958
61 78 4959
61 79 4960
62 0 4961
62 1 4962
62 2 4963
62 3 4964
62 4 4965
62 5 4966
62 6 4967
62 7 4968
62 8 4969
62 9 4970
62 10 4971
62 11 4972
62 12 4973
62 13 4974
62 14 4975
62 15 4976
62 16 4977
62 17 4978
62 18 4979
62 19 4980
62 20 4981
62 21 4982
62 22 4983
62 23 4984
62 24 4985
62 25 4986
62 26 4987
62 27 4988
62 28 4989
62 29 4990
62 30 4991
62 31 4992
62 32 4993
62 33 4994
62 34 4995
62 35 4996
62 36 4997
62 37 4998
62 38 4999
62 39 5000
62 40 5001
62 41 5002
62 42 5003
62 43 5004
62 44 5005
62 45 5006
62 46 5007
62 47 5008
62 48 5009
62 49 5010
62 50 5011
62 51 5012
62 52 5013
62 53 5014
62 54 5015
62 55 5016
62 56 5017
62 57 5018
62 58 5019
62 59 5020
62 60 5021
62 61 5022
62 62 5023
62 63 5024
62 64 5025
62 65 5026
62 66 5027
62 67 5028
62 68 5029
62 69 5030
62 70 5031
62 71 5032
62 72 5033
62 73 5034
62 74 5035
62 75 5036
62 76 5037
62 77 5038
62 78 5039
62 79 5040
63 0 5041
63 1 5042
63 2 5043
63 3 5044
63 4 5045
63 5 5046
63 6 5047
63 7 5048
63 8 5049
63 9 5050
63 10 5051
63 11 5052
63 12 5053
63 13 5054
63 14 5055
63 15 5056
63 16 5057
63 17 5058
63 18 5059
63 19 5060
63 20 5061
63 21 5062
63 22 5063
63 23 5064
63 24 5065
63 25 5066
63 26 5067
63 27 5068
63 28 5069
63 29 5070
63 30 5071
63 31 5072
63 32 5073
63 33 5074
63 34 5075
63 35 5076
63 36 5077
63 37 5078
63 38 5079
63 39 5080
63 40 5081
63 41 5082
63 42 5083
63 43 5084
63 44 5085
63 45 5086
63 46 5087
63 47 5088
63 48 5089
63 49 5090
63 50 5091
63 51 5092
63 52 5093
63 53 5094
63 54 5095
63 55 5096
63 56 5097
63 57 5098
63 58 5099
63 59 5100
63 60 5101
63 61 5102
63 62 5103
63 63 5104
63 64 5105
63 65 5106
63 66 5107
63 67 5108
63 68 5109
63 69 5110
63 70 5111
63 71 5112
63 72 5113
63 73 5114
63 74 5115
63 75 5116
63 76 5117
63 77 5118
63 78 5119
63 79 5120
64 0 5121
64 1 5122
64 2 5123
64 3 5124
64 4 5125
64 5 5126
64 6 5127
64 7 5128
64 8 5129
64 9 5130
64 10 5131
64 11 5132
64 12 5133
64 13 5134
64 14 5135
64 15 5136
64 16 5137
64 17 5138
64 18 5139
64 19 5140
64 20 5141
64 21 5142
64 22 5143
64 23 5144
64 24 5145
64 25 5146
64 26 5147
64 27 5148
64 28 5149
64 29 5150
64 30 5151
64 31 5152
64 32 5153
64 33 5154
64 34 5155
64 35 5156
64 36 5157
64 37 5158
64 38 5159
64 39 5160
64 40 5161
64 41 5162
64 42 5163
64 43 5164
64 44 5165
64 45 5166
64 46 5167
64 47 5168
64 48 5169
64 49 5170
64 50 5171
64 51 5172
64 52 5173
64 53 5174
64 54 5175
64 55 5176
64 56 5177
64 57 5178
64 58 5179
64 59 5180
64 60 5181
64 61 5182
64 62 5183
64 63 5184
64 64 5185
64 65 5186
64 66 5187
64 67 5188
64 68 5189
64 69 5190
64 70 5191
64 71 5192
64 72 5193
64 73 5194
64 74 5195
64 75 5196
64 76 5197
64 77 5198
64 78 5199
64 79 5200
65 0 5201
65 1 5202
65 2 5203
65 3 5204
65 4 5205
65 5 5206
65 6 5207
65 7 5208
65 8 5209
65 9 5210
65 10 5211
65 11 5212
65 12 5213
65 13 5214
65 14 5215
65 15 5216
65 16 5217
65 17 5218
65 18 5219
65 19 5220
65 20 5221
65 21 5222
65 22 5223
65 23 5224
65 24 5225
65 25 5226
65 26 5227
65 27 5228
65 28 5229
65 29 5230
65 30 5231
65 31 5232
65 32 5233
65 33 5234
65 34 5235
65 35 5236
65 36 5237
65 37 5238
65 38 5239
65 39 5240
65 40 5241
65 41 5242
65 42 5243
65 43 5244
65 44 5245
65 45 5246
65 46 5247
65 47 5248
65 48 5249
65 49 5250
65 50 5251
65 51 5252
65 52 5253
65 53 5254
65 54 5255
65 55 5256
65 56 5257
65 57 5258
65 58 5259
65 59 5260
65 60 5261
65 61 5262
65 62 5263
65 63 5264
65 64 5265
65 65 5266
65 66 5267
65 67 5268
65 68 5269
65 69 5270
65 70 5271
65 71 5272
65 72 5273
65 73 5274
65 74 5275
65 75 5276
65 76 5277
65 77 5278
65 78 5279
65 79 5280
66 0 5281
66 1 5282
66 2 5283
66 3 5284
66 4 5285
66 5 5286
66 6 5287
66 7 5288
66 8 5289
66 9 5290
66 10 5291
66 11 5292
66 12 5293
66 13 5294
66 14 5295
66 15 5296
66 16 5297
66 17 5298
66 18 5299
66 19 5300
66 20 5301
66 21 5302
66 22 5303
66 23 5304
66 24 5305
66 25 5306
66 26 5307
66 27 5308
66 28 5309
66 29 5310
66 30 5311
66 31 5312
66 32 5313
66 33 5314
66 34 5315
66 35 5316
66 36 5317
66 37 5318
66 38 5319
66 39 5320
66 40 5321
66 41 5322
66 42 5323
66 43 5324
66 44 5325
66 45 5326
66 46 5327
66 47 5328
66 48 5329
66 49 5330
66 50 5331
66 51 5332
66 52 5333
66 53 5334
66 54 5335
66 55 5336
66 56 5337
66 57 5338
66 58 5339
66 59 5340
66 60 5341
66 61 5342
66 62 5343
66 63 5344
66 64 5345
66 65 5346
66 66 5347
66 67 5348
66 68 5349
66 69 5350
66 70 5351
66 71 5352
66 72 5353
66 73 5354
66 74 5355
66 75 5356
66 76 5357
66 77 5358
66 78 5359
66 79 5360
67 0 5361
67 1 5362
67 2 5363
67 3 5364
67 4 5365
67 5 5366
67 6 5367
67 7 5368
67 8 5369
67 9 5370
67 10 5371
67 11 5372
67 12 5373
67 13 5374
67 14 5375
67 15 5376
67 16 5377
67 17 5378
67 18 5379
67 19 5380
67 20 5381
67 21 5382
67 22 5383
67 23 5384
67 24 5385
67 25 5386
67 26 5387
67 27 5388
67 28 5389
67 29 5390
67 30 5391
67 31 5392
67 32 5393
67 33 5394
67 34 5395
67 35 5396
67 36 5397
67 37 5398
67 38 5399
67 39 5400
67 40 5401
67 41 5402
67 42 5403
67 43 5404
67 44 5405
67 45 5406
67 46 5407
67 47 5408
67 48 5409
67 49 5410
67 50 5411
67 51 5412
67 52 5413
67 53 5414
67 54 5415
67 55 5416
67 56 5417
67 57 5418
67 58 5419
67 59 5420
67 60 5421
67 61 5422
67 62 5423
67 63 5424
67 64 5425
67 65 5426
67 66 5427
67 67 5428
67 68 5429
67 69 5430
67 70 5431
67 71 5432
67 72 5433
67 73 5434
67 74 5435
67 75 5436
67 76 5437
67 77 5438
67 78 5439
67 79 5440
68 0 5441
68 1 5442
68 2 5443
68 3 5444
68 4 5445
68 5 5446
68 6 5447
68 7 5448
68 8 5449
68 9 5450
68 10 5451
68 11 5452
68 12 5453
68 13 5454
68 14 5455
68 15 5456
68 16 5457
68 17 5458
68 18 5459
68 19 5460
68 20 5461
68 21 5462
68 22 5463
68 23 5464
68 24 5465
68 25 5466
68 26 5467
68 27 5468
68 28 5469
68 29 5470
68 30 5471
68 31 5472
68 32 5473
68 33 5474
68 34 5475
68 35 5476
68 36 5477
68 37 5478
68 38 5479
68 39 5480
68 40 5481
68 41 5482
68 42 5483
68 43 5484
68 44 5485
68 45 5486
68 46 5487
68 47 5488
68 48 5489
68 49 5490
68 50 5491
68 51 5492
68 52 5493
68 53 5494
68 54 5495
68 55 5496
68 56 5497
68 57 5498
68 58 5499
68 59 5500
68 60 5501
68 61 5502
68 62 5503
68 63 5504
68 64 5505
68 65 5506
68 66 5507
68 67 5508
68 68 5509
68 69 5510
68 70 5511
68 71 5512
68 72 5513
68 73 5514
68 74 5515
68 75 5516
68 76 5517
68 77 5518
68 78 5519
68 79 5520
69 0 5521
69 1 5522
69 2 5523
69 3 5524
69 4 5525
69 5 5526
69 6 5527
69 7 5528
69 8 5529
69 9 5530
69 10 5531
69 11 5532
69 12 5533
69 13 5534
69 14 5535
69 15 5536
69 16 5537
69 17 5538
69 18 5539
69 19 5540
69 20 5541
69 21 5542
69 22 5543
69 23 5544
69 24 5545
69 25 5546
69 26 5547
69 27 5548
69 28 5549
69 29 5550
69 30 5551
69 31 5552
69 32 5553
69 33 5554
69 34 5555
69 35 5556
69 36 5557
69 37 5558
69 38 5559
69 39 5560
69 40 5561
69 41 5562
69 42 5563
69 43 5564
69 44 5565
69 45 5566
69 46 5567
69 47 5568
69 48 5569
69 49 5570
69 50 5571
69 51 5572
69 52 5573
69 53 5574
69 54 5575
69 55 5576
69 56 5577
69 57 5578
69 58 5579
69 59 5580
69 60 5581
69 61 5582
69 62 5583
69 63 5584
69 64 5585
69 65 5586
69 66 5587
69 67 5588
69 68 5589
69 69 5590
69 70 5591
69 71 5592
69 72 5593
69 73 5594
69 74 5595
69 75 5596
69 76 5597
69 77 5598
69 78 5599
69 79 5600
70 0 5601
70 1 5602
70 2 5603
70 3 5604
70 4 5605
70 5 5606
70 6 5607
70 7 5608
70 8 5609
70 9 5610
70 10 5611
70 11 5612
70 12 5613
70 13 5614
70 14 5615
70 15 5616
70 16 5617
70 17 5618
70 18 5619
70 19 5620
70 20 5621
70 21 5622
70 22 5623
70 23 5624
70 24 5625
70 25 5626
70 26 5627
70 27 5628
70 28 5629
70 29 5630
70 30 5631
70 31 5632
70 32 5633
70 33 5634
70 34 5635
70 35 5636
70 36 5637
70 37 5638
70 38 5639
70 39 5640
70 40 5641
70 41 5642
70 42 5643
70 43 5644
70 44 5645
70 45 5646
70 46 5647
70 47 5648
70 48 5649
70 49 5650
70 50 5651
70 51 5652
70 52 5653
70 53 5654
70 54 5655
70 55 5656
70 56 5657
70 57 5658
70 58 5659
70 59 5660
70 60 5661
70 61 5662
70 62 5663
70 63 5664
70 64 5665
70 65 5666
70 66 5667
70 67 5668
70 68 5669
70 69 5670
70 70 5671
70 71 5672
70 72 5673
70 73 5674
70 74 5675
70 75 5676
70 76 5677
70 77 5678
70 78 5679
70 79 5680
71 0 5681
71 1 5682
71 2 5683
71 3 5684
71 4 5685
71 5 5686
71 6 5687
71 7 5688
71 8 5689
71 9 5690
71 10 5691
71 11 5692
71 12 5693
71 13 5694
71 14 5695
71 15 5696
71 16 5697
71 17 5698
71 18 5699
71 19 5700
71 20 5701
71 21 5702
71 22 5703
71 23 5704
71 24 5705
71 25 5706
71 26 5707
71 27 5708
71 28 5709
71 29 5710
71 30 5711
71 31 5712
71 32 5713
71 33 5714
71 34 5715
71 35 5716
71 36 5717
71 37 5718
71 38 5719
71 39 5720
71 40 5721
71 41 5722
71 42 5723
71 43 5724
71 44 5725
71 45 5726
71 46 5727
71 47 5728
71 48 5729
71 49 5730
71 50 5731
71 51 5732
71 52 5733
71 53 5734
71 54 5735
71 55 5736
71 56 5737
71 57 5738
71 58 5739
71 59 5740
71 60 5741
71 61 5742
71 62 5743
71 63 5744
71 64 5745
71 65 5746
71 66 5747
71 67 5748
71 68 5749
71 69 5750
71 70 5751
71 71 5752
71 72 5753
71 73 5754
71 74 5755
71 75 5756
71 76 5757
71 77 5758
71 78 5759
71 79 5760
72 0 5761
72 1 5762
72 2 5763
72 3 5764
72 4 5765
72 5 5766
72 6 5767
72 7 5768
72 8 5769
72 9 5770
72 10 5771
72 11 5772
72 12 5773
72 13 5774
72 14 5775
72 15 5776
72 16 5777
72 17 5778
72 18 5779
72 19 5780
72 20 5781
72 21 5782
72 22 5783
72 23 5784
72 24 5785
72 25 5786
72 26 5787
72 27 5788
72 28 5789
72 29 5790
72 30 5791
72 31 5792
72 32 5793
72 33 5794
72 34 5795
72 35 5796
72 36 5797
72 37 5798
72 38 5799
72 39 5800
72 40 5801
72 41 5802
72 42 5803
72 43 5804
72 44 5805
72 45 5806
72 46 5807
72 47 5808
72 48 5809
72 49 5810
72 50 5811
72 51 5812
72 52 5813
72 53 5814
72 54 5815
72 55 5816
72 56 5817
72 57 5818
72 58 5819
72 59 5820
72 60 5821
72 61 5822
72 62 5823
72 63 5824
72 64 5825
72 65 5826
72 66 5827
72 67 5828
72 68 5829
72 69 5830
72 70 5831
72 71 5832
72 72 5833
72 73 5834
72 74 5835
72 75 5836
72 76 5837
72 77 5838
72 78 5839
72 79 5840
73 0 5841
73 1 5842
73 2 5843
73 3 5844
73 4 5845
73 5 5846
73 6 5847
73 7 5848
73 8 5849
73 9 5850
73 10 5851
73 11 5852
73 12 5853
73 13 5854
73 14 5855
73 15 5856
73 16 5857
73 17 5858
73 18 5859
73 19 5860
73 20 5861
73 21 5862
73 22 5863
73 23 5864
73 24 5865
73 25 5866
73 26 5867
73 27 5868
73 28 5869
73 29 5870
73 30 5871
73 31 5872
73 32 5873
73 33 5874
73 34 5875
73 35 5876
73 36 5877
73 37 5878
73 38 5879
73 39 5880
73 40 5881
73 41 5882
73 42 5883
73 43 5884
73 44 5885
73 45 5886
73 46 5887
73 47 5888
73 48 5889
73 49 5890
73 50 5891
73 51 5892
73 52 5893
73 53 5894
73 54 5895
73 55 5896
73 56 5897
73 57 5898
73 58 5899
73 59 5900
73 60 5901
73 61 5902
73 62 5903
73 63 5904
73 64 5905
73 65 5906
73 66 5907
73 67 5908
73 68 5909
73 69 5910
73 70 5911
73 71 5912
73 72 5913
73 73 5914
73 74 5915
73 75 5916
73 76 5917
73 77 5918
73 78 5919
73 79 5920
74 0 5921
74 1 5922
74 2 5923
74 3 5924
74 4 5925
74 5 5926
74 6 5927
74 7 5928
74 8 5929
74 9 5930
74 10 5931
74 11 5932
74 12 5933
74 13 5934
74 14 5935
74 15 5936
74 16 5937
74 17 5938
74 18 5939
74 19 5940
74 20 5941
74 21 5942
74 22 5943
74 23 5944
74 24 5945
74 25 5946
74 26 5947
74 27 5948
74 28 5949
74 29 5950
74 30 5951
74 31 5952
74 32 5953
74 33 5954
74 34 5955
74 35 5956
74 36 5957
74 37 5958
74 38 5959
74 39 5960
74 40 5961
74 41 5962
74 42 5963
74 43 5964
74 44 5965
74 45 5966
74 46 5967
74 47 5968
74 48 5969
74 49 5970
74 50 5971
74 51 5972
74 52 5973
74 53 5974
74 54 5975
74 55 5976
74 56 5977
74 57 5978
74 58 5979
74 59 5980
74 60 5981
74 61 5982
74 62 5983
74 63 5984
74 64 5985
74 65 5986
74 66 5987
74 67 5988
74 68 5989
74 69 5990
74 70 5991
74 71 5992
74 72 5993
74 73 5994
74 74 5995
74 75 5996
74 76 5997
74 77 5998
74 78 5999
74 79 6000
75 0 6001
75 1 6002
75 2 6003
75 3 6004
75 4 6005
75 5 6006
75 6 6007
75 7 6008
75 8 6009
75 9 6010
75 10 6011
75 11 6012
75 12 6013
75 13 6014
75 14 6015
75 15 6016
75 16 6017
75 17 6018
75 18 6019
75 19 6020
75 20 6021
75 21 6022
75 22 6023
75 23 6024
75 24 6025
75 25 6026
75 26 6027
75 27 6028
75 28 6029
75 29 6030
75 30 6031
75 31 6032
75 32 6033
75 33 6034
75 34 6035
75 35 6036
75 36 6037
75 37 6038
75 38 6039
75 39 6040
75 40 6041
75 41 6042
75 42 6043
75 43 6044
75 44 6045
75 45 6046
75 46 6047
75 47 6048
75 48 6049
75 49 6050
75 50 6051
75 51 6052
75 52 6053
75 53 6054
75 54 6055
75 55 6056
75 56 6057
75 57 6058
75 58 6059
75 59 6060
75 60 6061
75 61 6062
75 62 6063
75 63 6064
75 64 6065
75 65 6066
75 66 6067
75 67 6068
75 68 6069
75 69 6070
75 70 6071
75 71 6072
75 72 6073
75 73 6074
75 74 6075
75 75 6076
75 76 6077
75 77 6078
75 78 6079
75 79 6080
76 0 6081
76 1 6082
76 2 6083
76 3 6084
76 4 6085
76 5 6086
76 6 6087
76 7 6088
76 8 6089
76 9 6090
76 10 6091
76 11 6092
76 12 6093
76 13 6094
76 14 6095
76 15 6096
76 16 6097
76 17 6098
76 18 6099
76 19 6100
76 20 6101
76 21 6102
76 22 6103
76 23 6104
76 24 6105
76 25 6106
76 26 6107
76 27 6108
76 28 6109
76 29 6110
76 30 6111
76 31 6112
76 32 6113
76 33 6114
76 34 6115
76 35 6116
76 36 6117
76 37 6118
76 38 6119
76 39 6120
76 40 6121
76 41 6122
76 42 6123
76 43 6124
76 44 6125
76 45 6126
76 46 6127
76 47 6128
76 48 6129
76 49 6130
76 50 6131
76 51 6132
76 52 6133
76 53 6134
76 54 6135
76 55 6136
76 56 6137
76 57 6138
76 58 6139
76 59 6140
76 60 6141
76 61 6142
76 62 6143
76 63 6144
76 64 6145
76 65 6146
76 66 6147
76 67 6148
76 68 6149
76 69 6150
76 70 6151
76 71 6152
76 72 6153
76 73 6154
76 74 6155
76 75 6156
76 76 6157
76 77 6158
76 78 6159
76 79 6160
77 0 6161
77 1 6162
77 2 6163
77 3 6164
77 4 6165
77 5 6166
77 6 6167
77 7 6168
77 8 6169
77 9 6170
77 10 6171
77 11 6172
77 12 6173
77 13 6174
77 14 6175
77 15 6176
77 16 6177
77 17 6178
77 18 6179
77 19 6180
77 20 6181
77 21 6182
77 22 6183
77 23 6184
77 24 6185
77 25 6186
77 26 6187
77 27 6188
77 28 6189
77 29 6190
77 30 6191
77 31 6192
77 32 6193
77 33 6194
77 34 6195
77 35 6196
77 36 6197
77 37 6198
77 38 6199
77 39 6200
77 40 6201
77 41 6202
77 42 6203
77 43 6204
77 44 6205
77 45 6206
77 46 6207
77 47 6208
77 48 6209
77 49 6210
77 50 6211
77 51 6212
77 52 6213
77 53 6214
77 54 6215
77 55 6216
77 56 6217
77 57 6218
77 58 6219
77 59 6220
77 60 6221
77 61 6222
77 62 6223
77 63 6224
77 64 6225
77 65 6226
77 66 6227
77 67 6228
77 68 6229
77 69 6230
77 70 6231
77 71 6232
77 72 6233
77 73 6234
77 74 6235
77 75 6236
77 76 6237
77 77 6238
77 78 6239
77 79 6240
78 0 6241
78 1 6242
78 2 6243
78 3 6244
78 4 6245
78 5 6246
78 6 6247
78 7 6248
78 8 6249
78 9 6250
78 10 6251
78 11 6252
78 12 6253
78 13 6254
78 14 6255
78 15 6256
78 16 6257
78 17 6258
78 18 6259
78 19 6260
78 20 6261
78 21 6262
78 22 6263
78 23 6264
78 24 6265
78 25 6266
78 26 6267
78 27 6268
78 28 6269
78 29 6270
78 30 6271
78 31 6272
78 32 6273
78 33 6274
78 34 6275
78 35 6276
78 36 6277
78 37 6278
78 38 6279
78 39 6280
78 40 6281
78 41 6282
78 42 6283
78 43 6284
78 44 6285
78 45 6286
78 46 6287
78 47 6288
78 48 6289
78 49 6290
78 50 6291
78 51 6292
78 52 6293
78 53 6294
78 54 6295
78 55 6296
78 56 6297
78 57 6298
78 58 6299
78 59 6300
78 60 6301
78 61 6302
78 62 6303
78 63 6304
78 64 6305
78 65 6306
78 66 6307
78 67 6308
78 68 6309
78 69 6310
78 70 6311
78 71 6312
78 72 6313
78 73 6314
78 74 6315
78 75 6316
78 76 6317
78 77 6318
78 78 6319
78 79 6320
79 0 6321
79 1 6322
79 2 6323
79 3 6324
79 4 6325
79 5 6326
79 6 6327
79 7 6328
79 8 6329
79 9 6330
79 10 6331
79 11 6332
79 12 6333
79 13 6334
79 14 6335
79 15 6336
79 16 6337
79 17 6338
79 18 6339
79 19 6340
79 20 6341
79 21 6342
79 22 6343
79 23 6344
79 24 6345
79 25 6346
79 26 6347
79 27 6348
79 28 6349
79 29 6350
79 30 6351
79 31 6352
79 32 6353
79 33 6354
79 34 6355
79 35 6356
79 36 6357
79 37 6358
79 38 6359
79 39 6360
79 40 6361
79 41 6362
79 42 6363
79 43 6364
79 44 6365
79 45 6366
79 46 6367
79 47 6368
79 48 6369
79 49 6370
79 50 6371
79 51 6372
79 52 6373
79 53 6374
79 54 6375
79 55 6376
79 56 6377
79 57 6378
79 58 6379
79 59 6380
79 60 6381
79 61 6382
79 62 6383
79 63 6384
79 64 6385
79 65 6386
79 66 6387
79 67 6388
79 68 6389
79 69 6390
79 70 6391
79 71 6392
79 72 6393
79 73 6394
79 74 6395
79 75 6396
79 76 6397
79 77 6398
79 78 6399
79 79 6400
