0 0 21896
0 10 23256
0 11 23392
0 12 23528
0 13 23664
0 14 23800
0 15 23936
0 1 22032
0 2 22168
0 3 22304
0 4 22440
0 5 22576
0 6 22712
0 7 22848
0 8 22984
0 9 23120
1 0 52872
1 10 56792
1 11 57184
1 12 57576
1 13 57968
1 14 58360
1 15 58752
1 1 53264
1 2 53656
1 3 54048
1 4 54440
1 5 54832
1 6 55224
1 7 55616
1 8 56008
1 9 56400
10 0 331656
10 10 358616
10 11 361312
10 12 364008
10 13 366704
10 14 369400
10 15 372096
10 1 334352
10 2 337048
10 3 339744
10 4 342440
10 5 345136
10 6 347832
10 7 350528
10 8 353224
10 9 355920
11 0 362632
11 10 392152
11 11 395104
11 12 398056
11 13 401008
11 14 403960
11 15 406912
11 1 365584
11 2 368536
11 3 371488
11 4 374440
11 5 377392
11 6 380344
11 7 383296
11 8 386248
11 9 389200
12 0 393608
12 10 425688
12 11 428896
12 12 432104
12 13 435312
12 14 438520
12 15 441728
12 1 396816
12 2 400024
12 3 403232
12 4 406440
12 5 409648
12 6 412856
12 7 416064
12 8 419272
12 9 422480
13 0 424584
13 10 459224
13 11 462688
13 12 466152
13 13 469616
13 14 473080
13 15 476544
13 1 428048
13 2 431512
13 3 434976
13 4 438440
13 5 441904
13 6 445368
13 7 448832
13 8 452296
13 9 455760
14 0 455560
14 10 492760
14 11 496480
14 12 500200
14 13 503920
14 14 507640
14 15 511360
14 1 459280
14 2 463000
14 3 466720
14 4 470440
14 5 474160
14 6 477880
14 7 481600
14 8 485320
14 9 489040
15 0 486536
15 10 526296
15 11 530272
15 12 534248
15 13 538224
15 14 542200
15 15 546176
15 1 490512
15 2 494488
15 3 498464
15 4 502440
15 5 506416
15 6 510392
15 7 514368
15 8 518344
15 9 522320
2 0 83848
2 10 90328
2 11 90976
2 12 91624
2 13 92272
2 14 92920
2 15 93568
2 1 84496
2 2 85144
2 3 85792
2 4 86440
2 5 87088
2 6 87736
2 7 88384
2 8 89032
2 9 89680
3 0 114824
3 10 123864
3 11 124768
3 12 125672
3 13 126576
3 14 127480
3 15 128384
3 1 115728
3 2 116632
3 3 117536
3 4 118440
3 5 119344
3 6 120248
3 7 121152
3 8 122056
3 9 122960
4 0 145800
4 10 157400
4 11 158560
4 12 159720
4 13 160880
4 14 162040
4 15 163200
4 1 146960
4 2 148120
4 3 149280
4 4 150440
4 5 151600
4 6 152760
4 7 153920
4 8 155080
4 9 156240
5 0 176776
5 10 190936
5 11 192352
5 12 193768
5 13 195184
5 14 196600
5 15 198016
5 1 178192
5 2 179608
5 3 181024
5 4 182440
5 5 183856
5 6 185272
5 7 186688
5 8 188104
5 9 189520
6 0 207752
6 10 224472
6 11 226144
6 12 227816
6 13 229488
6 14 231160
6 15 232832
6 1 209424
6 2 211096
6 3 212768
6 4 214440
6 5 216112
6 6 217784
6 7 219456
6 8 221128
6 9 222800
7 0 238728
7 10 258008
7 11 259936
7 12 261864
7 13 263792
7 14 265720
7 15 267648
7 1 240656
7 2 242584
7 3 244512
7 4 246440
7 5 248368
7 6 250296
7 7 252224
7 8 254152
7 9 256080
8 0 269704
8 10 291544
8 11 293728
8 12 295912
8 13 298096
8 14 300280
8 15 302464
8 1 271888
8 2 274072
8 3 276256
8 4 278440
8 5 280624
8 6 282808
8 7 284992
8 8 287176
8 9 289360
9 0 300680
9 10 325080
9 11 327520
9 12 329960
9 13 332400
9 14 334840
9 15 337280
9 1 303120
9 2 305560
9 3 308000
9 4 310440
9 5 312880
9 6 315320
9 7 317760
9 8 320200
9 9 322640
